40.271808218766935 96
40.271808218766935 96
40.271808218766935 96
141.05686226611348 94
108.06588190518116 73
108.06588190518116 73
108.06588190518116 73
85.37463833784975 51.5
85.37463833784975 51.5
60.1012893621794 38.5
60.1012893621794 38.5
144.62456710247022 27.5
144.62456710247022 27.5
70.5086034356342 16
62.66080679346061 5.5
62.66080679346061 5.5
62.66080679346061 5.5
62.66080679346061 5.5
62.66080679346061 5.5
62.66080679346061 5.5
62.66080679346061 5.5
62.66080679346061 5.5
62.66080679346061 5.5
62.66080679346061 5.5
62.66080679346061 5.5
62.66080679346061 5.5
62.66080679346061 5.5
62.66080679346061 5.5
62.66080679346061 5.5
62.66080679346061 5.5
39.442777487192046 1.5
39.442777487192046 0
39.442777487192046 0
39.442777487192046 0
39.442777487192046 0
39.442777487192046 0
39.442777487192046 0
39.442777487192046 0
39.442777487192046 0
39.442777487192046 0
39.442777487192046 0
39.442777487192046 0
39.442777487192046 0
39.442777487192046 0
39.442777487192046 0
39.442777487192046 0
39.442777487192046 0
39.442777487192046 0
39.442777487192046 0
39.442777487192046 0
39.442777487192046 0
39.442777487192046 0
39.442777487192046 0
39.442777487192046 0
39.442777487192046 0
39.442777487192046 0
39.442777487192046 0
39.442777487192046 0
39.442777487192046 0
39.442777487192046 0
39.442777487192046 0
39.442777487192046 0
39.442777487192046 0
39.442777487192046 0
39.442777487192046 0
39.442777487192046 0
39.442777487192046 0
39.442777487192046 0
39.442777487192046 0
39.442777487192046 0
39.442777487192046 0
39.442777487192046 0
39.442777487192046 0
39.442777487192046 0
39.442777487192046 0
39.442777487192046 0
39.442777487192046 0
39.442777487192046 0
39.442777487192046 0
39.442777487192046 0
39.442777487192046 0
39.442777487192046 0
39.442777487192046 0
39.442777487192046 0
39.442777487192046 0
39.442777487192046 0
39.442777487192046 0
39.442777487192046 0
39.442777487192046 0
39.442777487192046 0
39.442777487192046 0
39.442777487192046 0
39.442777487192046 0
39.442777487192046 0
39.442777487192046 0
39.442777487192046 0
39.442777487192046 0
39.442777487192046 0
39.442777487192046 0
39.442777487192046 0
39.442777487192046 0
39.442777487192046 0
39.442777487192046 0
39.442777487192046 0
39.442777487192046 0
39.442777487192046 0
39.442777487192046 0
39.442777487192046 0
39.442777487192046 0
39.442777487192046 0
39.442777487192046 0
39.442777487192046 0
39.442777487192046 0
39.442777487192046 0
39.442777487192046 0
39.442777487192046 0
39.442777487192046 0
39.442777487192046 0
39.442777487192046 0
39.442777487192046 0
39.442777487192046 0
39.442777487192046 0
39.442777487192046 0
39.442777487192046 0
39.442777487192046 0
39.442777487192046 0
39.442777487192046 0
39.442777487192046 0
39.442777487192046 0
39.442777487192046 0
39.442777487192046 0
39.442777487192046 0
39.442777487192046 0
39.442777487192046 0
39.442777487192046 0
39.442777487192046 0
39.442777487192046 0
39.442777487192046 0
39.442777487192046 0
39.442777487192046 0
39.442777487192046 0
39.442777487192046 0
39.442777487192046 0
39.442777487192046 0
39.442777487192046 0
39.442777487192046 0
39.442777487192046 0
39.442777487192046 0
39.442777487192046 0
39.442777487192046 0
39.442777487192046 0
39.442777487192046 0
39.442777487192046 0
39.442777487192046 0
39.442777487192046 0
39.442777487192046 0
39.442777487192046 0
39.442777487192046 0
39.442777487192046 0
39.442777487192046 0
39.442777487192046 0
39.442777487192046 0
39.442777487192046 0
39.442777487192046 0
39.442777487192046 0
39.442777487192046 0
39.442777487192046 0
39.442777487192046 0
39.442777487192046 0
39.442777487192046 0
39.442777487192046 0
39.442777487192046 0
39.442777487192046 0
39.442777487192046 0
39.442777487192046 0
39.442777487192046 0
39.442777487192046 0
39.442777487192046 0
39.442777487192046 0
39.442777487192046 0
39.442777487192046 0
39.442777487192046 0
39.442777487192046 0
39.442777487192046 0
39.442777487192046 0
39.442777487192046 0
39.442777487192046 0
39.442777487192046 0
39.442777487192046 0
39.442777487192046 0
39.442777487192046 0
39.442777487192046 0
39.442777487192046 0
39.442777487192046 0
39.442777487192046 0
39.442777487192046 0
39.442777487192046 0
39.442777487192046 0
39.442777487192046 0
39.442777487192046 0
39.442777487192046 0
39.442777487192046 0
39.442777487192046 0
39.442777487192046 0
39.442777487192046 0
39.442777487192046 0
39.442777487192046 0
39.442777487192046 0
39.442777487192046 0
39.442777487192046 0
39.442777487192046 0
39.442777487192046 0
39.442777487192046 0
39.442777487192046 0
39.442777487192046 0
39.442777487192046 0
39.442777487192046 0
39.442777487192046 0
39.442777487192046 0
39.442777487192046 0
39.442777487192046 0
39.442777487192046 0
39.442777487192046 0
39.442777487192046 0
39.442777487192046 0
39.442777487192046 0
39.442777487192046 0
39.442777487192046 0
39.442777487192046 0
39.442777487192046 0
39.442777487192046 0
39.442777487192046 0
39.442777487192046 0
39.442777487192046 0
39.442777487192046 0
39.442777487192046 0
39.442777487192046 0
39.442777487192046 0
39.442777487192046 0
39.442777487192046 0
39.442777487192046 0
39.442777487192046 0
39.442777487192046 0
39.442777487192046 0
39.442777487192046 0
39.442777487192046 0
39.442777487192046 0
39.442777487192046 0
39.442777487192046 0
39.442777487192046 0
39.442777487192046 0
39.442777487192046 0
39.442777487192046 0
39.442777487192046 0
39.442777487192046 0
39.442777487192046 0
39.442777487192046 0
39.442777487192046 0
39.442777487192046 0
39.442777487192046 0
39.442777487192046 0