28.657000585725708 170.13
32.74175799756363 158.44
36.73233122977375 150.97
40.63601433993711 144.5
49.849910348707965 132.39
59.72307898135023 123.8
66.48935671273323 116.17
69.94059953144122 111.41
70.41362663481632 109.43
68.32770970714562 100.34
69.21113446265926 97.26
70.11434594718604 92.8
73.17359171122085 89.09
74.42803264853691 85.27
75.03115879664756 80.2
75.43568394636995 78.86
76.83465736985019 76.32
77.64748749480356 75.72
75.67356034920208 74.83
79.01972098915377 72.15
77.06901087456697 70.57
76.92068322892402 70.16
75.86460920030203 68.08
77.44031145804057 67.67
77.66617289190981 67.13
77.29220678573262 66.76
76.61769215057102 66.28
76.61769215057102 66.28
76.88111427412655 66.14
77.98040443960247 65.94
76.54509320988092 65.46
76.52057819718466 63.88
76.47283319306057 63.85
76.78757537463696 62.9
76.78757537463696 62.9
76.78757537463696 62.9
76.78757537463696 62.9
76.78757537463696 62.9
76.35394366386329 62.9
75.56267916406973 62.21
75.56267916406973 62.21
74.86875736638297 60.3
74.86875736638297 60.3
74.86875736638297 60.3
75.6303656477849 59.54
75.0110540092146 59.4
75.0110540092146 59.4
75.0110540092146 59.4
75.07518339285967 59.17
75.07518339285967 59.17
74.60709228520443 58.05
74.86516852360768 56.24
76.10436742078477 55.49
76.10436742078477 55.49
75.89157210923022 55.08
75.41197851869185 54.72
75.41197851869185 54.72
75.41197851869185 54.72
75.92156050962059 54.42
76.1093237445402 53.33
74.7842685643446 52.49
75.32839628044097 52.42
73.48392372137317 52.2
73.42187066823247 52.19
73.47458021723989 52.08
72.53514989474942 51.76
72.53514989474942 51.76
72.89144294786941 51.46
70.5405000407524 50.56
70.52173871708614 50.55
70.52173871708614 50.55
70.52173871708614 50.55
70.74378354277935 48.14
70.4097240714183 48.02
70.4097240714183 48.02
71.08428775888586 47.9
71.08428775888586 47.9
71.08428775888586 47.9
71.08428775888586 47.9
70.96987284712866 47.77
72.20169862141101 47.31
72.20169862141101 47.31
72.20169862141101 47.31
72.20169862141101 47.31
72.20169862141101 47.31
72.20169862141101 47.31
73.56184994991273 46.48
73.56184994991273 46.48
73.56184994991273 46.48
73.91977057397489 46.42
73.86077137990993 46.4
74.83731490119456 46.39
76.58573160967046 45.61
76.1047512224561 45.43
76.1047512224561 45.43
76.1047512224561 45.43
76.1047512224561 45.43
76.1047512224561 45.43
77.05834307502698 45.2
77.05834307502698 45.2
77.06526760708455 45.0
77.06526760708455 45.0
76.93110352843456 44.97
78.27108004018282 44.3
78.27108004018282 44.3
78.27108004018282 44.3
78.25081170014955 44.25
78.25081170014955 44.25
78.25081170014955 44.25
78.25081170014955 44.25
78.25081170014955 44.25
78.25081170014955 44.25
78.25081170014955 44.25
78.25081170014955 44.25
78.25081170014955 44.25
78.25081170014955 44.25
78.25081170014955 44.25
78.25081170014955 44.25
78.25081170014955 44.25
78.25081170014955 44.25
78.25081170014955 44.25
78.64050436046861 44.23
78.64050436046861 44.23
79.64976889962706 43.41
79.64976889962706 43.41
79.53577078456995 42.82
79.53577078456995 42.82
79.53577078456995 42.82
79.53577078456995 42.82
79.53577078456995 42.82
79.53577078456995 42.82
79.53577078456995 42.82
80.36301551174293 42.56
80.9225290765102 42.0
80.9225290765102 42.0
80.9225290765102 42.0
80.97234009067064 41.38
80.97234009067064 41.38
80.97234009067064 41.38
80.97234009067064 41.38
80.97234009067064 41.38
80.97234009067064 41.38
80.97234009067064 41.38
80.74800998092451 41.12
80.74800998092451 41.12
81.49135004221966 40.53
81.49135004221966 40.53
81.59827234475296 40.44
81.59827234475296 40.44
81.59827234475296 40.44
81.59827234475296 40.44
81.59827234475296 40.44
81.59827234475296 40.44
81.59827234475296 40.44
82.60412754530886 40.37
82.60412754530886 40.37
82.60412754530886 40.37
82.35501930366775 40.26
82.35501930366775 40.26
82.86923576170882 40.1
82.86923576170882 40.1
82.86923576170882 40.1
82.86923576170882 40.1
82.86923576170882 40.1
82.86923576170882 40.1
82.86923576170882 40.1
82.86923576170882 40.1
82.86923576170882 40.1
82.41795958473847 40.07
82.41795958473847 40.07
82.41795958473847 40.07
82.41795958473847 40.07
82.41795958473847 40.07
82.41795958473847 40.07
82.41795958473847 40.07
82.41795958473847 40.07
82.41795958473847 40.07
82.41795958473847 40.07
82.41795958473847 40.07
82.41795958473847 40.07
82.41795958473847 40.07
82.41795958473847 40.07
82.41795958473847 40.07
82.41795958473847 40.07
83.35215139993554 38.93
83.35215139993554 38.93
83.35215139993554 38.93
83.35215139993554 38.93
82.98639886349794 38.66
82.98639886349794 38.66
82.98639886349794 38.66
80.93947262910939 38.63
80.93947262910939 38.63
80.93947262910939 38.63
80.93947262910939 38.63
80.93947262910939 38.63
80.93947262910939 38.63
80.93947262910939 38.63
80.93947262910939 38.63
80.93947262910939 38.63
80.93947262910939 38.63
81.79366187853478 37.82
81.79366187853478 37.82
81.79366187853478 37.82
81.79366187853478 37.82
81.79366187853478 37.82
81.79366187853478 37.82
81.79366187853478 37.82
81.79366187853478 37.82
81.79366187853478 37.82
81.79366187853478 37.82
81.79366187853478 37.82
81.79366187853478 37.82
81.79366187853478 37.82
81.79366187853478 37.82
81.79366187853478 37.82
81.79366187853478 37.82
81.77366187853477 37.82
81.77366187853477 37.82
81.77366187853477 37.82
81.77366187853477 37.82
81.77366187853477 37.82
81.77366187853477 37.82
81.77366187853477 37.82
81.77366187853477 37.82
81.77366187853477 37.82
81.77366187853477 37.82
81.1860702236549 36.83
81.1860702236549 36.83
81.1860702236549 36.83
81.1860702236549 36.83
81.1860702236549 36.83
81.1860702236549 36.83
81.1860702236549 36.83
81.1860702236549 36.83
81.1860702236549 36.83
81.1860702236549 36.83
81.1860702236549 36.83
81.1860702236549 36.83
81.1860702236549 36.83
81.1860702236549 36.83
81.1860702236549 36.83
81.1860702236549 36.83
81.1860702236549 36.83
81.1860702236549 36.83
81.1860702236549 36.83
81.1860702236549 36.83
81.1860702236549 36.83
81.1860702236549 36.83
81.1860702236549 36.83
81.1860702236549 36.83
81.1860702236549 36.83
81.1860702236549 36.83
81.1860702236549 36.83
81.1860702236549 36.83
81.1860702236549 36.83
81.1860702236549 36.83
81.1860702236549 36.83
81.1860702236549 36.83
81.1860702236549 36.83
81.1860702236549 36.83