27.824062483061102 174.14
30.51354005596226 165.38
34.30251051153055 157.94
37.18547025975903 153.27
40.3043205011678 147.08
43.738044683146995 140.97
45.26281994565979 139.51
47.73729900312371 135.57
48.02218832543719 133.64
49.64370108236448 131.67
51.063530894954866 129.88
51.49558081025964 129.25
52.114661533631086 127.94
51.680889611181605 125.08
51.91872063896768 121.72
53.52474239501863 112.36
56.350598145903945 106.93
56.787642335997305 106.5
61.40562095673655 102.47
63.6527980105967 99.9
65.47066613711195 96.64
66.94630119138905 92.72
67.64142819897903 91.87
67.64142819897903 91.87
67.8620188810775 91.07
67.66879295391449 91.04
69.01105059705407 88.91
69.28189061371107 88.31
70.9845125333502 85.3
71.41256941702633 84.38
71.41256941702633 84.38
70.83490827972174 82.93
72.33449837998347 81.72
73.24918005810524 80.33
73.27437517753766 80.26
73.49252259422228 79.43
73.44642156811099 79.29
74.56405663049622 78.68
74.30020669204046 78.68
73.17033127560767 78.29
74.89709701332028 77.62
75.94664866249983 77.51
75.94664866249983 77.51
75.94664866249983 77.51
75.94664866249983 77.51
76.06178684297151 76.8
76.06178684297151 76.8
76.06178684297151 76.8
76.06178684297151 76.8
77.94564062041121 76.76
77.94564062041121 76.76
77.94564062041121 76.76
77.57402894435187 76.69
78.43934160932544 75.55
77.9045965434843 75.31
77.9045965434843 75.31
77.9045965434843 75.31
77.9045965434843 75.31
77.9045965434843 75.31
77.9045965434843 75.31
78.35135899597371 74.96
78.35135899597371 74.96
78.35135899597371 74.96
78.35135899597371 74.96
79.48198514281896 73.81
79.48198514281896 73.81
79.03416905694948 73.19
78.7449442347746 73.14
78.7449442347746 73.14
78.01237627156388 73.05
78.01237627156388 73.05
78.01237627156388 73.05
78.01237627156388 73.05
77.56596634625284 72.44
77.56596634625284 72.44
77.94253218108474 72.32
77.94253218108474 72.32
78.31139162383467 71.92
78.31139162383467 71.92
78.31139162383467 71.92
78.49489951026149 71.91
79.75009552423083 71.78
81.86524713840006 71.22
81.86524713840006 71.22
82.67452669825167 71.07
83.30916743596639 71.01
83.90557452120794 70.81
84.50738390054254 70.39
84.50738390054254 70.39
85.0586122349622 69.33
82.84282640109241 68.47
82.84282640109241 68.47
83.49858540019495 67.54
84.97062311914387 66.43
84.97062311914387 66.43
84.95759383584647 66.42
84.95759383584647 66.42
85.47209860286546 66.09
85.47209860286546 66.09
85.47209860286546 66.09
85.47209860286546 66.09