27.824062483061102 174.14
30.51354005596226 165.38
34.30251051153055 157.94
37.18547025975903 153.27
40.3043205011678 147.08
43.738044683146995 140.97
45.26281994565979 139.51
47.73729900312371 135.57
48.02218832543719 133.64
49.64370108236448 131.67
51.063530894954866 129.88
51.49558081025964 129.25
52.114661533631086 127.94
51.680889611181605 125.08
51.91872063896768 121.72
53.52474239501863 112.36
56.350598145903945 106.93
56.787642335997305 106.5
61.40562095673655 102.47
63.6527980105967 99.9
65.47066613711195 96.64