63.58410412606119 124.5
63.58410412606119 124.5
63.58410412606119 124.5
75.35208920191675 93.5
75.35208920191675 93.5
75.35208920191675 93.5
75.35208920191675 93.5
60.37462188826931 70
60.37462188826931 70
60.37462188826931 70
60.37462188826931 70
60.37462188826931 70
60.37462188826931 70
39.88578545639804 67
55.67816634958625 58
84.61237794055592 38
86.89032838357733 30
86.89032838357733 30
86.89032838357733 30
86.89032838357733 30
86.89032838357733 30
86.89032838357733 30
86.89032838357733 30
86.89032838357733 30
86.89032838357733 30
86.89032838357733 30
86.89032838357733 30
88.69980938268324 26
92.43285975434405 25.5
92.43285975434405 25.5
92.43285975434405 25.5
92.43285975434405 25.5
92.43285975434405 25.5
92.43285975434405 25.5
92.43285975434405 25.5
92.43285975434405 25.5
92.43285975434405 25.5
92.43285975434405 25.5
79.24036283155638 25.5
79.24036283155638 25.5
79.24036283155638 25.5
79.24036283155638 25.5
79.24036283155638 25.5
79.24036283155638 25.5
79.24036283155638 25.5
79.24036283155638 25.5
79.24036283155638 25.5
79.24036283155638 25.5
79.24036283155638 25.5
79.24036283155638 25.5
79.24036283155638 25.5
79.24036283155638 25.5
79.24036283155638 25.5
79.24036283155638 25.5
79.24036283155638 25.5
79.24036283155638 25.5
79.24036283155638 25.5
79.24036283155638 25.5
79.24036283155638 25.5
79.24036283155638 25.5
79.24036283155638 25.5
79.24036283155638 25.5
79.24036283155638 25.5
79.24036283155638 25.5
79.24036283155638 25.5
79.24036283155638 25.5
79.24036283155638 25.5
79.24036283155638 25.5
79.24036283155638 25.5
79.24036283155638 25.5
79.24036283155638 25.5
79.24036283155638 25.5
79.24036283155638 25.5
79.24036283155638 25.5
79.24036283155638 25.5
79.24036283155638 25.5
79.24036283155638 25.5
79.24036283155638 25.5
79.24036283155638 25.5
79.24036283155638 25.5
79.24036283155638 25.5
79.24036283155638 25.5
128.5093490055342 25
128.5093490055342 25
128.5093490055342 25
128.5093490055342 25
128.5093490055342 25
128.5093490055342 25
128.5093490055342 25
128.5093490055342 25
128.5093490055342 25
128.5093490055342 25
128.5093490055342 25
128.5093490055342 25
128.5093490055342 25
128.5093490055342 25
128.5093490055342 25
128.5093490055342 25
128.5093490055342 25
128.5093490055342 25
128.5093490055342 25
128.5093490055342 25
128.5093490055342 25
128.5093490055342 25
99.54061371516732 23.5
99.54061371516732 23.5
87.99706585688526 23
87.99706585688526 23
87.99706585688526 23
87.99706585688526 23
87.99706585688526 23
87.99706585688526 23
87.99706585688526 23
87.99706585688526 23
87.99706585688526 23
87.99706585688526 23
87.99706585688526 23
87.99706585688526 23
87.99706585688526 23
87.99706585688526 23
97.26420415048335 19.5
97.26420415048335 19.5
97.26420415048335 19.5
97.26420415048335 19.5
97.26420415048335 19.5
97.26420415048335 19.5
97.26420415048335 19.5
97.26420415048335 19.5
97.26420415048335 19.5
97.26420415048335 19.5
97.26420415048335 19.5
97.26420415048335 19.5
97.26420415048335 19.5
97.26420415048335 19.5
97.26420415048335 19.5
97.26420415048335 19.5
97.26420415048335 19.5
97.26420415048335 19.5
97.26420415048335 19.5
97.26420415048335 19.5
97.26420415048335 19.5
97.26420415048335 19.5
97.26420415048335 19.5
97.26420415048335 19.5
97.26420415048335 19.5
97.26420415048335 19.5
97.26420415048335 19.5
97.26420415048335 19.5
97.26420415048335 19.5
97.26420415048335 19.5
97.26420415048335 19.5
97.26420415048335 19.5
97.26420415048335 19.5
97.26420415048335 19.5
97.26420415048335 19.5
97.26420415048335 19.5
97.26420415048335 19.5
97.26420415048335 19.5
97.26420415048335 19.5
97.26420415048335 19.5
97.26420415048335 19.5
97.26420415048335 19.5
97.26420415048335 19.5
97.26420415048335 19.5
97.26420415048335 19.5
97.26420415048335 19.5
97.26420415048335 19.5
97.26420415048335 19.5
97.26420415048335 19.5
97.26420415048335 19.5
97.26420415048335 19.5
97.26420415048335 19.5
97.26420415048335 19.5
97.26420415048335 19.5
97.26420415048335 19.5
97.26420415048335 19.5
97.26420415048335 19.5
97.26420415048335 19.5
97.26420415048335 19.5
97.26420415048335 19.5
97.26420415048335 19.5
97.26420415048335 19.5
97.26420415048335 19.5
97.26420415048335 19.5
97.26420415048335 19.5
97.26420415048335 19.5
97.26420415048335 19.5
97.26420415048335 19.5
97.26420415048335 19.5
97.26420415048335 19.5
97.26420415048335 19.5
97.26420415048335 19.5
97.26420415048335 19.5
97.26420415048335 19.5
97.26420415048335 19.5
97.26420415048335 19.5
97.26420415048335 19.5
97.26420415048335 19.5
97.26420415048335 19.5
97.26420415048335 19.5
97.26420415048335 19.5
97.26420415048335 19.5
97.26420415048335 19.5
97.26420415048335 19.5
97.26420415048335 19.5
97.26420415048335 19.5
97.26420415048335 19.5
41.561473171857536 16.5
41.561473171857536 16.5
41.561473171857536 16.5
41.561473171857536 16.5
41.561473171857536 16.5
41.561473171857536 16.5
41.561473171857536 16.5
41.561473171857536 16.5
41.561473171857536 16.5
41.561473171857536 16.5
41.561473171857536 16.5
41.561473171857536 16.5
41.561473171857536 16.5
41.561473171857536 16.5