34.702645653492425 130.732
34.702645653492425 130.732
38.51706613712322 118.01
46.540932750658584 102.726
52.33784320652843 93.89
59.191162113092126 81.806
73.5712669227884 66.792
73.5712669227884 66.792
73.5712669227884 66.792
73.5712669227884 66.792
73.5712669227884 66.792
40.180377150603654 63.93
40.180377150603654 63.93
40.180377150603654 63.93
40.180377150603654 63.93
40.180377150603654 63.93
40.180377150603654 63.93
40.180377150603654 63.93
47.72630555379883 43.278
39.4675031752366 42.74
40.295690258859764 17.33
40.295690258859764 17.33
40.295690258859764 17.33
40.295690258859764 17.33
40.295690258859764 17.33
40.295690258859764 17.33
40.295690258859764 17.33
40.295690258859764 17.33
40.295690258859764 17.33
40.295690258859764 17.33
40.295690258859764 17.33
40.295690258859764 17.33
40.295690258859764 17.33
40.295690258859764 17.33
40.295690258859764 17.33
40.295690258859764 17.33
40.295690258859764 17.33
40.295690258859764 17.33
40.295690258859764 17.33
40.295690258859764 17.33
40.295690258859764 17.33
40.295690258859764 17.33
40.295690258859764 17.33
40.295690258859764 17.33
40.295690258859764 17.33
40.295690258859764 17.33
40.295690258859764 17.33
40.295690258859764 17.33
40.295690258859764 17.33
40.295690258859764 17.33
40.295690258859764 17.33
40.295690258859764 17.33
40.295690258859764 17.33
40.295690258859764 17.33
40.295690258859764 17.33
40.24984267562471 17.178
40.24984267562471 17.178
40.24984267562471 17.178
40.24984267562471 17.178
40.24984267562471 17.178
40.24984267562471 17.178
40.24984267562471 17.178
39.47725466641899 15.412
40.49213923129524 13.974
41.91001048198744 13.898
40.445282973872864 13.806
40.445282973872864 13.806
40.758940043826165 13.102
40.758940043826165 13.102
40.758940043826165 13.102
40.758940043826165 13.102
41.36362795735711 12.262
41.36362795735711 12.262
41.36362795735711 12.262
41.36362795735711 12.262
41.36362795735711 12.262
41.36362795735711 12.262
41.12137169794599 11.84
41.12137169794599 11.84
41.12137169794599 11.84
41.12137169794599 11.84
41.12137169794599 11.84
41.12137169794599 11.84
41.12137169794599 11.84
41.12137169794599 11.84
41.12137169794599 11.84
41.12137169794599 11.84
41.12137169794599 11.84
41.12137169794599 11.84
38.952582060297594 11.82
38.952582060297594 11.82
38.952582060297594 11.82
38.59885341769816 11.188
38.59885341769816 11.188
38.59885341769816 11.188
38.59885341769816 11.188
38.59885341769816 11.188
38.59885341769816 11.188
38.59885341769816 11.188
38.59885341769816 11.188
38.26403796789473 10.886
38.26403796789473 10.886
38.26403796789473 10.886
38.26403796789473 10.886
38.26403796789473 10.886
38.26403796789473 10.886
38.39553590475553 10.626
38.39553590475553 10.626
38.39553590475553 10.626
38.39553590475553 10.626
37.94348148330405 10.062
37.94348148330405 10.062
37.94348148330405 10.062
37.94348148330405 10.062
37.94348148330405 10.062
37.94348148330405 10.062
37.94348148330405 10.062
37.94348148330405 10.062
37.94348148330405 10.062
37.94348148330405 10.062
37.94348148330405 10.062
38.07472302804145 8.802
38.00774517325101 6.968
38.00774517325101 6.968
38.00774517325101 6.968
38.00774517325101 6.968
38.00774517325101 6.968
38.00774517325101 6.968
38.00774517325101 6.968
38.00774517325101 6.968
38.00774517325101 6.968