24.140804651962508 171.9116
27.98596592176762 160.66212
30.33734608189479 149.60252
34.41017701514219 136.01236
40.48111820245469 122.28464
46.88867032433409 111.60368
51.670330398325895 103.65292
52.66396430227532 102.34364
53.217552087399824 101.04772
53.60071513985469 100.42056
55.27154801488093 98.16152
54.87660483549811 96.75148
55.42747506450956 95.00431999999999
56.237874468335704 94.59024
57.64961225416021 92.95004
57.95735021515162 91.76296
58.40278910768825 91.3352
58.2145670766654 90.01492
57.90304377668365 87.27336
57.67492518148128 85.24324
58.17899093017923 83.1974
58.15182136857386 82.11104
57.787881538303395 80.92664
57.787881538303395 80.92664
57.581862965698186 79.96452
57.84611625469138 79.86108
57.5940438755952 79.7908
57.126682373481465 79.74332
57.59311566865837 79.16968
58.288642411387876 78.28276
57.689976617343014 77.78572
57.689976617343014 77.78572
57.81329826696378 77.7182
56.86672914773803 75.93668
56.4319683237921 75.40348
55.848021354810506 74.74356
55.712435313357446 74.6468
55.05926142388109 74.1488
54.85391776768653 73.2964
54.85391776768653 73.2964
54.09360460300946 73.27504
54.060932533072624 73.09496
53.79994120217053 72.5498
54.17640265053459 72.05288
54.289790061348704 70.27632
54.289790061348704 70.27632
54.09224058526811 70.10988
53.73954275029006 70.08840000000001
53.75307809044092 70.0686
53.714266636266046 69.473
53.57263984267656 69.05956
53.57263984267656 69.05956
53.32736508070309 68.6816
53.05046632717334 68.1968
52.434329101072755 66.38144
52.456650777148994 66.31356
53.09921348388675 65.91412
52.968565587958956 63.53388
52.945103796588086 62.47024
52.27109458307316 61.59356
51.96006438574315 61.0356
51.96696812830143 60.403999999999996
51.933681317796356 59.8192
51.48648368197687 59.35184
51.691828960567335 59.2752
51.56297951396474 57.7134
51.56297951396474 57.7134
51.193947576581095 57.35476
50.75134326404728 56.20252
50.37304931967157 55.61336
50.465598933225856 54.91616
50.17527308280381 54.23676
49.87965224040025 53.973
49.93125334343966 52.64848
49.55921461022343 52.272
49.312681565492795 51.46532
49.62755898610711 51.04204
49.80625773877297 50.12712
49.948020066667056 49.94816
49.81953664148506 49.6638
49.81953664148506 49.6638
49.89195165249437 49.32272
49.94172476114627 49.13772
49.90511786622472 49.04644
49.90511786622472 49.04644
49.91727894859501 48.98188
49.8044648097143 48.8372
49.811638999835026 47.67096
49.699159440058345 46.14724
49.72224278727946 46.061
49.732862446714485 46.01404
49.66335434055049 45.80328
48.864841196412506 44.06516
48.787798270530445 43.25044
48.77058732316231 43.16184
48.72483578367313 42.9966
48.82343113137976 42.26616
48.81133888244516 42.2578
48.8173379059436 42.14216
48.8173379059436 42.14216
48.71011891951469 41.11344
48.68984150706082 40.506
48.71292727549154 40.35932
48.61375342263136 40.33544
48.789073797177316 40.12288
48.34014340683408 40.02196
48.146917193907086 39.4004
48.146917193907086 39.4004
47.60731426327148 39.01496
47.59329726257277 38.7764
47.69873736651464 38.20376
47.56456257453056 37.93916
47.55404855697929 37.92068
47.54839684756535 37.91648
47.49878512297486 37.63608
47.48452550829638 37.581
47.48199402302026 37.50628
47.462804731180974 36.13284
47.45650193279852 36.11056
46.92270200647015 35.73604
46.476674491083 34.86132
46.388016364668914 34.38
46.39388834184818 34.3122
46.39208370164106 34.30564
46.36936571183344 34.28812
46.319456650637285 34.14288
46.51857518776221 33.941
46.40691909554056 33.73816
46.25547407718461 33.11456
45.73993624988438 32.847
45.73875472057617 32.84312
45.73875472057617 32.84312
45.60118868447809 31.97368
45.565710841381915 31.22672
45.56272719294691 31.22224
45.4836057116945 31.01832
45.39508621960177 30.76336
45.39218833031694 30.72564
45.05849698570876 30.43952
45.05849698570876 30.43952
45.05849698570876 30.43952
45.04416813372702 30.32804
45.026929569056755 30.18428
45.026929569056755 30.18428
44.996186278763645 29.92072
44.92620451173241 29.698
44.92620451173241 29.698
44.593807255880854 29.30144
44.59162769787494 29.22756
44.53442876386479 28.7296
44.53442876386479 28.7296