24.140804651962508 171.9116
27.98596592176762 160.66212
30.33734608189479 149.60252
34.41017701514219 136.01236
40.48111820245469 122.28464
46.88867032433409 111.60368
51.670330398325895 103.65292
52.66396430227532 102.34364
53.217552087399824 101.04772
53.60071513985469 100.42056
55.27154801488093 98.16152
54.87660483549811 96.75148
55.42747506450956 95.00431999999999
56.237874468335704 94.59024
57.64961225416021 92.95004
57.95735021515162 91.76296
58.40278910768825 91.3352
58.2145670766654 90.01492
57.90304377668365 87.27336
57.67492518148128 85.24324
58.17899093017923 83.1974