24.140804651962508 171.9116
27.98596592176762 160.66212
30.33734608189479 149.60252
34.41017701514219 136.01236
40.48111820245469 122.28464
46.88867032433409 111.60368
51.670330398325895 103.65292
52.66396430227532 102.34364
53.217552087399824 101.04772
53.60071513985469 100.42056
55.27154801488093 98.16152
54.87660483549811 96.75148
55.42747506450956 95.00431999999999
56.237874468335704 94.59024
57.64961225416021 92.95004
57.95735021515162 91.76296
58.40278910768825 91.3352
58.2145670766654 90.01492
57.90304377668365 87.27336
57.67492518148128 85.24324
58.17899093017923 83.1974
58.15182136857386 82.11104
57.787881538303395 80.92664
57.787881538303395 80.92664
57.581862965698186 79.96452
57.84611625469138 79.86108
57.5940438755952 79.7908
57.126682373481465 79.74332
57.59311566865837 79.16968
58.288642411387876 78.28276
57.689976617343014 77.78572
57.689976617343014 77.78572
57.81329826696378 77.7182
56.86672914773803 75.93668
56.4319683237921 75.40348
55.848021354810506 74.74356
55.712435313357446 74.6468
55.05926142388109 74.1488
54.85391776768653 73.2964
54.85391776768653 73.2964
54.09360460300946 73.27504
54.060932533072624 73.09496
53.79994120217053 72.5498
54.17640265053459 72.05288
54.289790061348704 70.27632
54.289790061348704 70.27632
54.09224058526811 70.10988
53.73954275029006 70.08840000000001
53.75307809044092 70.0686
53.714266636266046 69.473
53.57263984267656 69.05956
53.57263984267656 69.05956
53.32736508070309 68.6816
53.05046632717334 68.1968
52.434329101072755 66.38144
52.456650777148994 66.31356
53.09921348388675 65.91412
52.968565587958956 63.53388
52.945103796588086 62.47024
52.27109458307316 61.59356
51.96006438574315 61.0356
51.96696812830143 60.403999999999996
51.933681317796356 59.8192
51.48648368197687 59.35184
51.691828960567335 59.2752
51.56297951396474 57.7134
51.56297951396474 57.7134
51.193947576581095 57.35476
50.75134326404728 56.20252
50.37304931967157 55.61336
50.465598933225856 54.91616
50.17527308280381 54.23676
49.87965224040025 53.973
49.93125334343966 52.64848
49.55921461022343 52.272
49.312681565492795 51.46532
49.62755898610711 51.04204
49.80625773877297 50.12712
49.948020066667056 49.94816
49.81953664148506 49.6638
49.81953664148506 49.6638
49.89195165249437 49.32272
49.94172476114627 49.13772
49.90511786622472 49.04644
49.90511786622472 49.04644
49.91727894859501 48.98188
49.8044648097143 48.8372
49.811638999835026 47.67096
49.699159440058345 46.14724
49.72224278727946 46.061
49.732862446714485 46.01404
49.66335434055049 45.80328
48.864841196412506 44.06516
48.787798270530445 43.25044
48.77058732316231 43.16184
48.72483578367313 42.9966
48.82343113137976 42.26616
48.81133888244516 42.2578
48.8173379059436 42.14216
48.8173379059436 42.14216
48.71011891951469 41.11344
48.68984150706082 40.506
48.71292727549154 40.35932
48.61375342263136 40.33544
48.789073797177316 40.12288
48.34014340683408 40.02196
48.146917193907086 39.4004
48.146917193907086 39.4004
47.60731426327148 39.01496
47.59329726257277 38.7764
47.69873736651464 38.20376
47.56456257453056 37.93916
47.55404855697929 37.92068
47.54839684756535 37.91648
47.49878512297486 37.63608
47.48452550829638 37.581
47.48199402302026 37.50628
47.462804731180974 36.13284
47.45650193279852 36.11056
46.92270200647015 35.73604
46.476674491083 34.86132
46.388016364668914 34.38
46.39388834184818 34.3122
46.39208370164106 34.30564
46.36936571183344 34.28812
46.319456650637285 34.14288
46.51857518776221 33.941
46.40691909554056 33.73816
46.25547407718461 33.11456
45.73993624988438 32.847
45.73875472057617 32.84312
45.73875472057617 32.84312
45.60118868447809 31.97368
45.565710841381915 31.22672
45.56272719294691 31.22224
45.4836057116945 31.01832
45.39508621960177 30.76336
45.39218833031694 30.72564
45.05849698570876 30.43952
45.05849698570876 30.43952
45.05849698570876 30.43952
45.04416813372702 30.32804
45.026929569056755 30.18428
45.026929569056755 30.18428
44.996186278763645 29.92072
44.92620451173241 29.698
44.92620451173241 29.698
44.593807255880854 29.30144
44.59162769787494 29.22756
44.53442876386479 28.7296
44.53442876386479 28.7296
44.5367115070505 28.2428
44.45804606609863 28.16348
44.439026128610465 28.093799999999998
44.437425760343004 28.07852
44.43141549346365 28.0094
44.43141549346365 28.0094
44.433625743557506 28.0028
44.433625743557506 28.0028
44.25693164387706 26.99484
44.24384612456384 26.93112
44.20552696434073 26.84272
43.957759387458886 26.57332
43.957759387458886 26.57332
43.95723001057602 26.54332
43.95723001057602 26.54332
43.96659200703661 26.06024
43.96667697389308 26.05316
43.963699621465736 26.04516
43.963699621465736 26.04516
43.95385186541266 25.98256
43.95385186541266 25.98256
43.94507702731399 25.9682
43.94379300187948 25.96364
43.94379300187948 25.96364
43.94346796914935 25.95752
43.30712498085597 25.40192
43.29701508611687 25.26
43.28793286868655 25.2136
43.293795198868736 25.2026
43.284374442212204 25.15784
43.284374442212204 25.15784
43.281026172532535 25.00624
43.281026172532535 25.00624
43.281026172532535 25.00624
43.281026172532535 25.00624
43.275034316689066 25.00268
43.27513194528605 24.9958
43.222868428924286 24.7836
43.219785046285146 24.73272
43.219785046285146 24.73272
43.219785046285146 24.73272
43.212426338058584 24.66072
43.21020992812162 24.6582
43.21020992812162 24.6582
43.21020992812162 24.6582
43.07717099290542 24.44096
43.07717099290542 24.44096
43.06069452751883 24.34084
43.06069452751883 24.34084
43.06505556364571 24.29912
43.06505556364571 24.29912
43.066757636920926 24.28164
43.0519337038253 24.17144
43.0519337038253 24.17144
43.051879605309125 24.16608
43.04684775270821 24.12668
43.04614981890887 24.10736
43.039945750073734 24.09484
43.03581852018226 24.0798
43.03590318804271 24.05212
43.01502755646338 23.9226
43.01433988816618 23.92164
43.01183045615403 23.91868
43.002358174310764 23.89936
42.99298746048684 23.7278
42.972361951998685 23.55252
43.06826064964379 23.54996
43.03858743832572 23.40612
43.03824334531504 23.40612
43.03046297340741 22.980439999999998
43.03046297340741 22.980439999999998
43.02816803530197 22.87728
43.02811478255488 22.85948
43.025585246126425 22.85752
43.03133183518357 22.53172
43.03133123174667 22.53156
43.03466605650863 22.52568
42.92456956018099 22.338
42.92241076991764 22.33708
42.92241076991764 22.33708
42.92241076991764 22.33708
42.922066073470056 22.33692
42.922066073470056 22.336759999999998
42.922066073470056 22.336759999999998
42.922066073470056 22.336759999999998
42.922066073470056 22.336759999999998
42.92172438474531 22.336759999999998
42.9222638384229 22.33156
42.9222638384229 22.33156
42.92317745635705 22.32624
42.92317745635705 22.32624
42.92317745635705 22.32624
43.04788768291779 22.24544
43.04788768291779 22.24544
43.04846937164253 22.24524
43.14681454455319 21.91888
43.14681454455319 21.9186
43.14715863756387 21.91844
43.096582341511784 21.54308
43.096582341511784 21.54308
43.096582341511784 21.54308
43.05818645768524 21.40332
43.06643372608519 21.35936
43.06643372608519 21.35936
43.06643372608519 21.35936
43.06636797773197 21.35936
43.06636797773197 21.35936
43.06595813636808 21.35936
43.0646128889108 21.3576
43.06428527338802 21.35528