34.702645653492425 130.732
34.702645653492425 130.732
38.51706613712322 118.01
46.540932750658584 102.726
52.33784320652843 93.89
59.191162113092126 81.806
73.5712669227884 66.792
73.5712669227884 66.792
73.5712669227884 66.792
73.5712669227884 66.792
73.5712669227884 66.792
40.180377150603654 63.93
40.180377150603654 63.93
40.180377150603654 63.93
40.180377150603654 63.93
40.180377150603654 63.93
40.180377150603654 63.93
40.180377150603654 63.93
47.72630555379883 43.278
39.4675031752366 42.74
40.295690258859764 17.33
40.295690258859764 17.33
40.295690258859764 17.33
40.295690258859764 17.33
40.295690258859764 17.33
40.295690258859764 17.33
40.295690258859764 17.33
40.295690258859764 17.33
40.295690258859764 17.33
40.295690258859764 17.33
40.295690258859764 17.33
40.295690258859764 17.33
40.295690258859764 17.33
40.295690258859764 17.33
40.295690258859764 17.33
40.295690258859764 17.33
40.295690258859764 17.33
40.295690258859764 17.33
40.295690258859764 17.33
40.295690258859764 17.33
40.295690258859764 17.33
40.295690258859764 17.33
40.295690258859764 17.33
40.295690258859764 17.33
40.295690258859764 17.33
40.295690258859764 17.33
40.295690258859764 17.33
40.295690258859764 17.33
40.295690258859764 17.33
40.295690258859764 17.33
40.295690258859764 17.33
40.295690258859764 17.33
40.295690258859764 17.33
40.295690258859764 17.33
40.295690258859764 17.33
40.24984267562471 17.178
40.24984267562471 17.178
40.24984267562471 17.178
40.24984267562471 17.178
40.24984267562471 17.178
40.24984267562471 17.178
40.24984267562471 17.178
39.47725466641899 15.412
40.49213923129524 13.974
41.91001048198744 13.898
40.445282973872864 13.806
40.445282973872864 13.806
40.758940043826165 13.102
40.758940043826165 13.102
40.758940043826165 13.102
40.758940043826165 13.102
41.36362795735711 12.262
41.36362795735711 12.262
41.36362795735711 12.262
41.36362795735711 12.262
41.36362795735711 12.262
41.36362795735711 12.262
41.12137169794599 11.84
41.12137169794599 11.84
41.12137169794599 11.84
41.12137169794599 11.84
41.12137169794599 11.84
41.12137169794599 11.84
41.12137169794599 11.84
41.12137169794599 11.84
41.12137169794599 11.84
41.12137169794599 11.84
41.12137169794599 11.84
41.12137169794599 11.84
38.952582060297594 11.82
38.952582060297594 11.82
38.952582060297594 11.82
38.59885341769816 11.188
38.59885341769816 11.188
38.59885341769816 11.188
38.59885341769816 11.188
38.59885341769816 11.188
38.59885341769816 11.188
38.59885341769816 11.188
38.59885341769816 11.188
38.26403796789473 10.886
38.26403796789473 10.886
38.26403796789473 10.886
38.26403796789473 10.886
38.26403796789473 10.886
38.26403796789473 10.886
38.39553590475553 10.626
38.39553590475553 10.626
38.39553590475553 10.626
38.39553590475553 10.626
37.94348148330405 10.062
37.94348148330405 10.062
37.94348148330405 10.062
37.94348148330405 10.062
37.94348148330405 10.062
37.94348148330405 10.062
37.94348148330405 10.062
37.94348148330405 10.062
37.94348148330405 10.062
37.94348148330405 10.062
37.94348148330405 10.062
38.07472302804145 8.802
38.00774517325101 6.968
38.00774517325101 6.968
38.00774517325101 6.968
38.00774517325101 6.968
38.00774517325101 6.968
38.00774517325101 6.968
38.00774517325101 6.968
38.00774517325101 6.968
38.00774517325101 6.968
38.00774517325101 6.968
38.00774517325101 6.968
38.00774517325101 6.968
37.85856275150076 6.744
37.85856275150076 6.744
37.85856275150076 6.744
37.85856275150076 6.744
37.85856275150076 6.744
37.85856275150076 6.744
37.85856275150076 6.744
37.78624202525666 6.252
37.87753905277805 6.2
37.87753905277805 6.2
37.92281730620175 5.626
37.92281730620175 5.626
37.92281730620175 5.626
37.89088053121293 5.318
37.89088053121293 5.318
37.89088053121293 5.318
37.89088053121293 5.318
37.3382031905541 3.372
37.3382031905541 3.372
37.3382031905541 3.372
37.3382031905541 3.372
37.3382031905541 3.372
37.3382031905541 3.372
37.3382031905541 3.372
37.3382031905541 3.372
37.3382031905541 3.372
37.3382031905541 3.372
37.3382031905541 3.372
37.3602893252477 3.236
37.3602893252477 3.236
37.29290212505852 2.734
37.29290212505852 2.734
37.29290212505852 2.734
37.29290212505852 2.734
37.29290212505852 2.734
37.29290212505852 2.734
37.29290212505852 2.734
37.29290212505852 2.734
37.29290212505852 2.734
37.29290212505852 2.734
37.29290212505852 2.734
37.29290212505852 2.734
37.29290212505852 2.734
37.29290212505852 2.734
37.29290212505852 2.734
37.29290212505852 2.734
37.29290212505852 2.734
37.29290212505852 2.734
37.29290212505852 2.734
37.29290212505852 2.734
37.29290212505852 2.734
37.29290212505852 2.734
37.29290212505852 2.734
37.29290212505852 2.734
37.13541039086943 2.474
37.13541039086943 2.474
37.13541039086943 2.474
37.13541039086943 2.474
37.13541039086943 2.474
37.13541039086943 2.474
37.13541039086943 2.474
37.13541039086943 2.474
37.13541039086943 2.474
37.13541039086943 2.474
37.13541039086943 2.474
37.13541039086943 2.474
37.13541039086943 2.474
37.13541039086943 2.474
37.13541039086943 2.474
37.13541039086943 2.474
37.13541039086943 2.474
37.13541039086943 2.474
37.13541039086943 2.474
37.13541039086943 2.474
37.092697587869075 2.452
37.091436554465005 2.438
37.091436554465005 2.438
36.92229676839818 2.404
36.99393805344003 2.386
36.968455375453296 2.338
36.968455375453296 2.338
36.968455375453296 2.338
37.00402042737557 2.33
37.00402042737557 2.33
37.00402042737557 2.33
37.00402042737557 2.33
36.953676690719305 2.322
36.953676690719305 2.322
36.953676690719305 2.322
37.02454266741522 2.07
37.02454266741522 2.07
37.02454266741522 2.062
37.024512495570164 2.062
37.024512495570164 2.062
37.024512495570164 2.062
37.00730784503608 2.062
37.00730784503608 2.062
37.00730784503608 2.062
37.00730784503608 2.054
37.00730784503608 2.054
37.00730784503608 2.054
37.00730784503608 2.054
37.00730784503608 2.054
37.00730784503608 2.054
37.00730784503608 2.054
37.00730784503608 2.054
37.00730784503608 2.054
37.00730784503608 2.054
37.00730784503608 2.054
37.00730784503608 2.054
37.00730784503608 2.054
37.00730784503608 2.054
37.00730784503608 2.054
37.00730784503608 2.054
37.00730784503608 2.054
37.00730784503608 2.054
37.00730784503608 2.054
37.00730784503608 2.054
37.00730784503608 2.054
37.00730784503608 2.054
37.00730784503608 2.054
37.00730784503608 2.054
37.00402042737557 2.054
37.00402042737557 2.054
37.00402042737557 2.054
37.00402042737557 2.054
37.00402042737557 2.054
37.00402042737557 2.054
37.00402042737557 2.054
37.00402042737557 2.054
37.00402042737557 2.054
37.00402042737557 2.054
37.00402042737557 2.054
37.00402042737557 2.054
37.00402042737557 2.054
37.00402042737557 2.054
37.00402042737557 2.054
37.00402042737557 2.054
36.97093599113829 2.048
36.97093599113829 2.048
37.00402042737557 2.046
37.00402042737557 2.046
37.00402042737557 2.046
37.00402042737557 2.046
37.00402042737557 2.046
37.00402042737557 2.046
37.00402042737557 2.046
37.00402042737557 2.046
37.00402042737557 2.046
37.00402042737557 2.046
37.00402042737557 2.046
37.00402042737557 2.046
37.00402042737557 2.046
37.00402042737557 2.046
37.00402042737557 2.046
37.00402042737557 2.046
37.00402042737557 2.046
37.00402042737557 2.046
37.00402042737557 2.046
37.00402042737557 2.046
37.00402042737557 2.046
37.00402042737557 2.046
37.00402042737557 2.046
37.00402042737557 2.046
37.00402042737557 2.046
37.00402042737557 2.046
37.00402042737557 2.046
37.00402042737557 2.046
37.00402042737557 2.046
37.00402042737557 2.046
37.00402042737557 2.046
37.00402042737557 2.046
37.00402042737557 2.046
37.00402042737557 2.046
37.00402042737557 2.046
37.00402042737557 2.046
37.00402042737557 2.046
37.00402042737557 2.046
37.00402042737557 2.046
37.00402042737557 2.046
37.00402042737557 2.046
37.00402042737557 2.046
37.00402042737557 2.046
37.00402042737557 2.046
37.00402042737557 2.046
37.00402042737557 2.046
37.00402042737557 2.046
37.00402042737557 2.046
37.00402042737557 2.046
37.00402042737557 2.046
37.00402042737557 2.046
37.00402042737557 2.046
37.00402042737557 2.046
37.00402042737557 2.046
37.00402042737557 2.046
37.00402042737557 2.046
37.00402042737557 2.046
37.00402042737557 2.046
37.00402042737557 2.046
37.00402042737557 2.046
37.00402042737557 2.046
36.98693599113829 2.046
36.98693599113829 2.046
36.98693599113829 2.046
36.98693599113829 2.046
36.98693599113829 2.046
36.98693599113829 2.046
36.98693599113829 2.046
36.98693599113829 2.046
36.98693599113829 2.046
36.98693599113829 2.046
36.98693599113829 2.046
36.98693599113829 2.046
36.98693599113829 2.046
36.98693599113829 2.046
36.99104723148133 2.034
36.99104723148133 2.034
36.98456364590126 2.034
36.98127622824075 2.034
36.98127622824075 2.034
36.98127622824075 2.034
36.98127622824075 2.034
36.98127622824075 2.034
36.98127622824075 2.034
36.98127622824075 2.034
36.98127622824075 2.034
36.98127622824075 2.034
36.98127622824075 2.034
36.98127622824075 2.034
36.98127622824075 2.034
36.98127622824075 2.034
36.98127622824075 2.034
36.98127622824075 2.034
36.98127622824075 2.034
36.98127622824075 2.034
36.98127622824075 2.034
36.98127622824075 2.034
36.98127622824075 2.034
36.98127622824075 2.034
36.98127622824075 2.034
36.98127622824075 2.034
36.98127622824075 2.034
36.98127622824075 2.034
36.98127622824075 2.034
36.98127622824075 2.034
36.98127622824075 2.034
36.98127622824075 2.034
36.98127622824075 2.034
36.98127622824075 2.034
36.98127622824075 2.034
36.98127622824075 2.034
36.98127622824075 2.034
36.98127622824075 2.034
36.98127622824075 2.034
36.98127622824075 2.034
36.98127622824075 2.034
36.98127622824075 2.034
36.98127622824075 2.034
36.98127622824075 2.034
36.98127622824075 2.034
36.98127622824075 2.034
36.98127622824075 2.034
36.98127622824075 2.034
36.98127622824075 2.034
36.98127622824075 2.034
36.98127622824075 2.034
36.98127622824075 2.034