34.702645653492425 130.732
34.702645653492425 130.732
38.51706613712322 118.01
46.540932750658584 102.726
52.33784320652843 93.89
59.191162113092126 81.806
73.5712669227884 66.792
73.5712669227884 66.792
73.5712669227884 66.792
73.5712669227884 66.792
73.5712669227884 66.792
40.180377150603654 63.93
40.180377150603654 63.93
40.180377150603654 63.93
40.180377150603654 63.93
40.180377150603654 63.93
40.180377150603654 63.93
40.180377150603654 63.93
47.72630555379883 43.278
39.4675031752366 42.74
40.295690258859764 17.33
40.295690258859764 17.33
40.295690258859764 17.33
40.295690258859764 17.33
40.295690258859764 17.33
40.295690258859764 17.33
40.295690258859764 17.33
40.295690258859764 17.33
40.295690258859764 17.33
40.295690258859764 17.33
40.295690258859764 17.33
40.295690258859764 17.33
40.295690258859764 17.33
40.295690258859764 17.33
40.295690258859764 17.33
40.295690258859764 17.33
40.295690258859764 17.33
40.295690258859764 17.33
40.295690258859764 17.33
40.295690258859764 17.33
40.295690258859764 17.33