24.140804651962508 171.9116
27.98596592176762 160.66212
30.33734608189479 149.60252
34.41017701514219 136.01236
40.48111820245469 122.28464
46.88867032433409 111.60368
51.670330398325895 103.65292
52.66396430227532 102.34364
53.217552087399824 101.04772
53.60071513985469 100.42056
55.27154801488093 98.16152
54.87660483549811 96.75148
55.42747506450956 95.00431999999999
56.237874468335704 94.59024
57.64961225416021 92.95004
57.95735021515162 91.76296
58.40278910768825 91.3352
58.2145670766654 90.01492
57.90304377668365 87.27336
57.67492518148128 85.24324
58.17899093017923 83.1974
58.15182136857386 82.11104
57.787881538303395 80.92664
57.787881538303395 80.92664
57.581862965698186 79.96452
57.84611625469138 79.86108
57.5940438755952 79.7908
57.126682373481465 79.74332
57.59311566865837 79.16968
58.288642411387876 78.28276
57.689976617343014 77.78572
57.689976617343014 77.78572
57.81329826696378 77.7182
56.86672914773803 75.93668
56.4319683237921 75.40348
55.848021354810506 74.74356
55.712435313357446 74.6468
55.05926142388109 74.1488
54.85391776768653 73.2964
54.85391776768653 73.2964
54.09360460300946 73.27504