24.140804651962508 171.9116
27.98596592176762 160.66212
30.33734608189479 149.60252
34.41017701514219 136.01236
40.48111820245469 122.28464
46.88867032433409 111.60368
51.670330398325895 103.65292
52.66396430227532 102.34364
53.217552087399824 101.04772
53.60071513985469 100.42056
55.27154801488093 98.16152
54.87660483549811 96.75148
55.42747506450956 95.00431999999999
56.237874468335704 94.59024
57.64961225416021 92.95004
57.95735021515162 91.76296
58.40278910768825 91.3352
58.2145670766654 90.01492
57.90304377668365 87.27336
57.67492518148128 85.24324
58.17899093017923 83.1974
58.15182136857386 82.11104
57.787881538303395 80.92664
57.787881538303395 80.92664
57.581862965698186 79.96452
57.84611625469138 79.86108
57.5940438755952 79.7908
57.126682373481465 79.74332
57.59311566865837 79.16968
58.288642411387876 78.28276
57.689976617343014 77.78572
57.689976617343014 77.78572
57.81329826696378 77.7182
56.86672914773803 75.93668
56.4319683237921 75.40348
55.848021354810506 74.74356
55.712435313357446 74.6468
55.05926142388109 74.1488
54.85391776768653 73.2964
54.85391776768653 73.2964
54.09360460300946 73.27504
54.060932533072624 73.09496
53.79994120217053 72.5498
54.17640265053459 72.05288
54.289790061348704 70.27632
54.289790061348704 70.27632
54.09224058526811 70.10988
53.73954275029006 70.08840000000001
53.75307809044092 70.0686
53.714266636266046 69.473
53.57263984267656 69.05956
53.57263984267656 69.05956
53.32736508070309 68.6816
53.05046632717334 68.1968
52.434329101072755 66.38144
52.456650777148994 66.31356
53.09921348388675 65.91412
52.968565587958956 63.53388
52.945103796588086 62.47024
52.27109458307316 61.59356
51.96006438574315 61.0356
51.96696812830143 60.403999999999996
51.933681317796356 59.8192
51.48648368197687 59.35184
51.691828960567335 59.2752
51.56297951396474 57.7134
51.56297951396474 57.7134
51.193947576581095 57.35476
50.75134326404728 56.20252
50.37304931967157 55.61336
50.465598933225856 54.91616