28.617738816081765 171.44
32.65271880573961 163.52
34.47202020115693 156.08
38.39822122299419 147.57
41.22329388512115 142.6
43.16321466305658 140.05
44.01997723963559 138.05
46.038826585163925 134.65
46.51532919906676 132.93
49.65309131257729 130.43
50.53904068250756 129.74
52.80134770757806 127.74
52.9206685862488 126.93
53.48166070017553 126.27
53.89986418389379 126.0
54.399039152168726 125.33
54.22592693337522 124.93
54.39057459494842 124.7
54.79875481831942 123.81
54.74168112243279 123.72
54.66777496335639 123.49
54.903227842167 121.56
55.30400028575576 120.42
56.23476734917178 119.52
56.713353056702665 118.16
57.67038456229674 117.25
58.01437428035048 117.14
57.976524933758746 116.54
57.8831278301645 116.46
57.8831278301645 116.46
58.23812378630766 116.16
58.23812378630766 116.16
58.23812378630766 116.16
59.389972590707735 115.47
59.389972590707735 115.47
59.389972590707735 115.47
59.389972590707735 115.47
59.389972590707735 115.47
59.48321190928967 115.32
59.97846744661102 114.96
59.97846744661102 114.96
59.97846744661102 114.96
60.18387385311727 114.92
60.18387385311727 114.92
60.565308276165936 114.76
60.565308276165936 114.76
60.565308276165936 114.76
60.565308276165936 114.76
60.565308276165936 114.76
60.68982935959003 114.69
61.46598228248144 114.02
61.46598228248144 114.02
61.46598228248144 114.02
61.46598228248144 114.02
61.46598228248144 114.02
61.92295111496155 113.59
61.92295111496155 113.59
61.92295111496155 113.59
61.92295111496155 113.59
61.92295111496155 113.59
61.92295111496155 113.59
61.92295111496155 113.59
61.932499703851555 113.46
61.932499703851555 113.46
62.01898815748722 113.19
62.01898815748722 113.19
62.666904198927696 112.8
62.666904198927696 112.8
62.666904198927696 112.8
62.666904198927696 112.8
62.666904198927696 112.8
63.16238012742631 112.78
63.16238012742631 112.78
63.09383730079435 112.77
63.09383730079435 112.77
63.09383730079435 112.77
63.25628978347723 112.59
63.06022473185551 112.45
63.06022473185551 112.45
63.06022473185551 112.45
62.61296501548429 109.9
62.08835960919835 109.89
62.08835960919835 109.89
60.87090178704311 109.32
61.026239879381095 109.25
61.05240877137674 109.24
60.780460762236295 109.21
60.8323734216523 108.58
60.8323734216523 108.58
60.8323734216523 108.58
60.8323734216523 108.58
60.65479844851714 108.58
60.65479844851714 108.58
60.65479844851714 108.58
60.65479844851714 108.58
60.8108771647529 108.12
60.92523673010299 107.97
60.719066725001994 107.45
60.719066725001994 107.45
60.719066725001994 107.45
60.54295074942447 107.44
60.54295074942447 107.44
61.42656129388241 105.78
61.42656129388241 105.78
61.55884872835363 105.16
61.55884872835363 105.16
61.55884872835363 105.16
61.55884872835363 105.16
61.87381806418038 104.99
61.87381806418038 104.99
61.87381806418038 104.99
62.10609893764417 104.84
61.429231098298594 104.82
61.429231098298594 104.82
61.429231098298594 104.82
61.429231098298594 104.82
61.0564103591892 104.39
63.229202935834486 103.58
63.229202935834486 103.58
63.15089672667939 103.48
63.056664391830225 103.03
63.056664391830225 103.03
63.056664391830225 103.03
63.056664391830225 103.03
63.056664391830225 103.03
62.65683927350358 102.9
62.65683927350358 102.9
62.833578963586135 102.74
62.833578963586135 102.74
63.937086210482406 102.23
63.67146344813555 101.34
64.06448211542184 101.27
64.06448211542184 101.27
63.58522292773219 100.77
63.58522292773219 100.77
63.58522292773219 100.77
63.58522292773219 100.77
63.58522292773219 100.77
63.58522292773219 100.77
63.58522292773219 100.77
63.8062615932418 100.68
63.8062615932418 100.68
64.71978780649897 99.95
64.71978780649897 99.95
64.71978780649897 99.95
64.71978780649897 99.95
64.71978780649897 99.95
62.412632261037345 99.89
62.45124918641419 99.73
62.45124918641419 99.73
62.45124918641419 99.73
62.45124918641419 99.73
62.45124918641419 99.73
62.45124918641419 99.73
62.45124918641419 99.73
62.45124918641419 99.73
62.45124918641419 99.73
62.96417652282543 99.34
62.96417652282543 99.34
62.96417652282543 99.34
62.59578441252112 98.74
62.59578441252112 98.74
62.59578441252112 98.74
62.59578441252112 98.74
62.59578441252112 98.74
62.59578441252112 98.74
62.59578441252112 98.74
62.59578441252112 98.74
62.59578441252112 98.74
62.59578441252112 98.74
62.27040767476509 98.38
62.27040767476509 98.38
62.27040767476509 98.38
62.27040767476509 98.38
62.27040767476509 98.38
62.64535756961905 98.12
62.57688579479083 98.12
62.58387105525617 97.9
62.58387105525617 97.9
62.58387105525617 97.9
62.58387105525617 97.9
62.58387105525617 97.9
62.58387105525617 97.9
62.58387105525617 97.9
62.58387105525617 97.9
62.58387105525617 97.9
62.58387105525617 97.9
62.58387105525617 97.9
62.58387105525617 97.9
62.58387105525617 97.9
62.58387105525617 97.9
62.58387105525617 97.9
62.58387105525617 97.9
62.58387105525617 97.9
62.58387105525617 97.9
62.58387105525617 97.9
62.58387105525617 97.9
62.58387105525617 97.9
62.58387105525617 97.9
62.58387105525617 97.9
62.58387105525617 97.9
62.58387105525617 97.9
62.58387105525617 97.9
62.58387105525617 97.9
62.58387105525617 97.9
62.58387105525617 97.9
62.58387105525617 97.9
62.604749360298165 97.81
62.382495596487004 97.81
62.382495596487004 97.81
62.382495596487004 97.81
62.382495596487004 97.81
62.382495596487004 97.81
62.382495596487004 97.81
62.382495596487004 97.81
62.382495596487004 97.81
62.382495596487004 97.81
62.382495596487004 97.81
62.382495596487004 97.81
62.382495596487004 97.81
62.382495596487004 97.81
62.382495596487004 97.81
62.382495596487004 97.81
62.382495596487004 97.81
62.382495596487004 97.81
62.382495596487004 97.81
62.382495596487004 97.81
62.382495596487004 97.81
62.382495596487004 97.81
62.382495596487004 97.81
62.382495596487004 97.81
62.382495596487004 97.81
62.382495596487004 97.81
62.382495596487004 97.81
62.382495596487004 97.81
62.382495596487004 97.81
62.472926183117515 97.69
62.472926183117515 97.69
62.472926183117515 97.69
62.472926183117515 97.69
62.472926183117515 97.69
62.472926183117515 97.69
62.274349959048415 97.65
62.274349959048415 97.65
62.274349959048415 97.65
62.274349959048415 97.65
62.274349959048415 97.65
62.274349959048415 97.65
62.274349959048415 97.65
62.274349959048415 97.65
62.274349959048415 97.65
62.274349959048415 97.65
62.274349959048415 97.65
62.274349959048415 97.65
62.274349959048415 97.65
62.274349959048415 97.65
62.274349959048415 97.65
62.274349959048415 97.65
62.59292476354999 97.57
62.59292476354999 97.57
62.59292476354999 97.57
62.59292476354999 97.57
62.59292476354999 97.57
62.59292476354999 97.57
62.59292476354999 97.57
62.59292476354999 97.57
62.59292476354999 97.57
62.59292476354999 97.57
62.59292476354999 97.57
62.39154563766491 97.57
62.39154563766491 97.57
62.39154563766491 97.57
62.39154563766491 97.57
62.39154563766491 97.57
62.39154563766491 97.57
62.39154563766491 97.57
62.39154563766491 97.57
62.39154563766491 97.57
62.3046288630521 97.41
62.50616762480253 96.39
62.79968006673237 95.33