63.7708348898472 80.5
63.7708348898472 80.5
79.53626587813804 31
79.53626587813804 31
79.53626587813804 31
79.53626587813804 31
79.53626587813804 31
79.53626587813804 31
79.53626587813804 31
79.53626587813804 31
79.53626587813804 31
79.53626587813804 31
79.53626587813804 31
79.53626587813804 31
79.53626587813804 31
79.53626587813804 31
79.53626587813804 31
79.53626587813804 31
79.53626587813804 31
79.53626587813804 31
79.53626587813804 31
79.53626587813804 31
79.53626587813804 31
79.53626587813804 31
79.53626587813804 31
79.53626587813804 31
79.53626587813804 31
79.53626587813804 31
79.53626587813804 31
79.53626587813804 31
79.53626587813804 31
79.53626587813804 31
79.53626587813804 31
79.53626587813804 31
79.53626587813804 31
79.53626587813804 31
79.53626587813804 31
79.53626587813804 31
79.53626587813804 31
79.53626587813804 31
79.53626587813804 31
79.53626587813804 31
79.53626587813804 31
79.53626587813804 31
79.53626587813804 31
79.53626587813804 31
79.53626587813804 31
79.53626587813804 31
79.53626587813804 31
79.53626587813804 31
79.53626587813804 31
79.53626587813804 31
79.53626587813804 31
79.53626587813804 31
79.53626587813804 31
79.53626587813804 31
79.53626587813804 31
79.53626587813804 31
79.53626587813804 31
79.53626587813804 31
79.53626587813804 31