28.617738816081765 171.44
32.65271880573961 163.52
34.47202020115693 156.08
38.39822122299419 147.57
41.22329388512115 142.6
43.16321466305658 140.05
44.01997723963559 138.05
46.038826585163925 134.65
46.51532919906676 132.93
49.65309131257729 130.43
50.53904068250756 129.74
52.80134770757806 127.74
52.9206685862488 126.93
53.48166070017553 126.27
53.89986418389379 126.0
54.399039152168726 125.33
54.22592693337522 124.93
54.39057459494842 124.7
54.79875481831942 123.81
54.74168112243279 123.72
54.66777496335639 123.49
54.903227842167 121.56
55.30400028575576 120.42
56.23476734917178 119.52
56.713353056702665 118.16
57.67038456229674 117.25
58.01437428035048 117.14
57.976524933758746 116.54
57.8831278301645 116.46
57.8831278301645 116.46
58.23812378630766 116.16
58.23812378630766 116.16
58.23812378630766 116.16
59.389972590707735 115.47
59.389972590707735 115.47
59.389972590707735 115.47
59.389972590707735 115.47
59.389972590707735 115.47
59.48321190928967 115.32
59.97846744661102 114.96
59.97846744661102 114.96
59.97846744661102 114.96
60.18387385311727 114.92
60.18387385311727 114.92
60.565308276165936 114.76
60.565308276165936 114.76
60.565308276165936 114.76
60.565308276165936 114.76
60.565308276165936 114.76
60.68982935959003 114.69
61.46598228248144 114.02
61.46598228248144 114.02
61.46598228248144 114.02
61.46598228248144 114.02
61.46598228248144 114.02
61.92295111496155 113.59
61.92295111496155 113.59
61.92295111496155 113.59
61.92295111496155 113.59
61.92295111496155 113.59
61.92295111496155 113.59