22.69101832133064 175.80925
25.464959108469515 169.92159722222223
30.40115047238167 161.88319444444446
35.971908179803826 148.71155555555555
40.172045497922895 138.3791388888889
44.996983659019214 129.40720833333333
49.81458446943744 121.71731944444444
54.590517464780554 113.42881944444444
59.75602794351748 106.02645833333334
61.831307055206295 102.06566666666667
67.18107186346339 95.63448611111112
69.0664710626781 93.35236111111111
70.68769583914637 90.49531944444445
71.08991822459825 87.85651388888888
71.02348198031824 85.69894444444445
71.1156131973417 83.17163888888889
71.87403735086329 81.338875
72.71833665623708 78.94995833333333
73.55710624495671 77.62502777777777
74.01468707470517 76.07227777777778
73.8145358662403 74.08268055555556
75.26329084999621 71.83566666666667
75.21739158731042 71.28930555555556
75.1083205900971 70.83441666666667
75.365492852803 69.79390277777777
74.99506764731159 68.9161388888889
75.79396089158611 67.87251388888889
75.62722167845426 67.17481944444444
75.99794216121903 65.975875
77.39664448110065 65.09043055555556
78.78646507899794 63.75333333333333
79.9494773825751 62.391819444444444
80.81511464804785 61.86841666666667
81.07055700613299 61.074083333333334
80.34700004536245 60.407777777777774
80.34692244817033 59.17268055555556
80.94002471766045 58.18197222222222
81.15926467776904 57.34084722222222
80.75788425837234 56.51134722222222
81.07397358618826 55.778958333333335
81.65377109456578 55.235625
83.13422873520231 54.27298611111111
83.61530454917161 53.61031944444444
83.90219924978874 52.99358333333333
83.8005480227942 52.41536111111111
84.48608020979349 52.112722222222224
84.7946604140513 51.972458333333336
85.06655198639517 51.30873611111111
85.16081653578031 50.944180555555555
85.63990404369783 50.49404166666667
85.60491567648883 50.27652777777778
85.5195677033821 50.038555555555554
85.70463907809923 49.76779166666667
85.72232167100005 49.680194444444446
85.2306898797566 49.406888888888886
84.95415524670855 49.17475
85.66102415753906 49.06915277777778
85.87812996131159 48.55204166666667
86.19480890664488 48.326541666666664
85.97598554798552 48.21936111111111
85.94720170924225 47.88791666666667
85.77173580680753 47.72475
85.58463194283452 47.618944444444445
85.17564029893992 47.46734722222222
85.23646792375068 47.370222222222225
85.02997955046433 47.02119444444445
85.06645947584275 46.80086111111111
85.18036409183605 46.60443055555555
85.46016159901598 46.39418055555556
85.80390300277135 46.07176388888889
85.80055227042666 45.932805555555554
85.85465289273189 45.66520833333333
85.82958594646911 45.65291666666667
86.06316607330665 45.60922222222222
86.19785775792894 45.50895833333333
86.46270021070704 45.40940277777778
86.78265634425281 45.32308333333334
87.16709268991359 45.24375
87.269628547542 45.039875
87.40669185715552 44.853972222222225
87.31737001369903 44.65031944444444
87.61879656251959 44.52527777777778
87.8997046429164 44.407555555555554
88.3236471706993 44.24766666666667
88.49997821667725 44.14969444444444
88.44957944562692 44.05218055555556
88.6547144963235 43.891222222222225
88.67720711206482 43.71876388888889
88.63985594957319 43.64991666666667
88.86198969100109 43.55269444444444
89.09658373036063 43.43994444444444
89.37094038748813 43.26929166666667
89.3709647282622 43.14713888888889
89.26459004606235 42.97888888888889
89.71374517237767 42.844541666666665
89.9350163169089 42.66056944444444
89.96326812920849 42.4785
89.80834080288282 42.33523611111111
89.93725132419138 42.27333333333333
90.09722842440979 42.22515277777778
89.93303905855109 42.04938888888889