35.97822930817423 149.66333333333333
50.37975233065682 137.45888888888888
44.33562389402516 130.69666666666666
57.179010616415255 101.99222222222222
61.50717702064611 100.84333333333333
75.00066223855647 85.39222222222222
75.00066223855647 85.39222222222222
75.15565263523466 82.80777777777777
77.93313286581797 80.17666666666666
77.93313286581797 80.17666666666666
79.73648961476202 79.26333333333334
84.25609153155386 72.92666666666666
75.26567115012509 68.93
75.26567115012509 68.93
72.26493744361782 65.32777777777778
68.72680521934586 63.80555555555556
68.72680521934586 63.80555555555556
71.18748899193385 62.888888888888886
70.4756978810807 61.23111111111111
77.4565667082606 57.94555555555556
74.5904535727642 56.196666666666665
74.5904535727642 56.196666666666665
74.5904535727642 56.196666666666665
74.5904535727642 56.196666666666665
74.5904535727642 56.196666666666665
75.21161492310134 55.26444444444444
76.48299039165386 54.73888888888889
80.2751927521966 53.96333333333333
78.68000192588734 53.486666666666665
83.18544711119014 52.373333333333335
85.78088057864615 51.65888888888889
85.78088057864615 51.65888888888889
83.12437917460946 51.34111111111111
81.0679484189499 51.07666666666667
86.20942743253798 49.45111111111111
83.070914757775 49.39222222222222
81.28029723350028 48.12444444444444
80.22535782027764 47.644444444444446
89.63157280092976 47.39555555555555
89.63157280092976 47.39555555555555
88.3432362703613 47.35666666666667
86.60822189698497 46.233333333333334
88.18409938490154 45.36555555555555
87.52458494927276 44.727777777777774
87.52458494927276 44.727777777777774
87.52458494927276 44.727777777777774
87.52458494927276 44.727777777777774
87.52458494927276 44.727777777777774
88.3000638192146 44.516666666666666
86.29713256168463 44.50666666666667
86.29713256168463 44.50666666666667
83.63206309631813 44.41555555555556
83.13390961553833 43.971111111111114
83.13390961553833 43.971111111111114
83.13390961553833 43.971111111111114
87.23684147715704 43.91222222222222
87.23684147715704 43.91222222222222
86.88987578477753 43.861111111111114
86.88987578477753 43.861111111111114
84.03391415682458 43.846666666666664
84.16117938347712 43.635555555555555
84.16117938347712 43.635555555555555
84.33431801428641 43.63111111111111
85.07583921473841 43.60444444444445
85.07583921473841 43.60444444444445
85.36577800017336 43.556666666666665
84.76244014926165 43.535555555555554
85.58288599133935 43.528888888888886
85.58288599133935 43.528888888888886
85.58288599133935 43.528888888888886
85.58288599133935 43.528888888888886
85.33577269519877 43.425555555555555
85.33577269519877 43.425555555555555
85.33577269519877 43.425555555555555
88.97254633930379 43.33888888888889
88.97254633930379 43.33888888888889
88.97254633930379 43.33888888888889
89.20640133417578 43.315555555555555
89.49745786205706 42.364444444444445
89.49745786205706 42.364444444444445
89.49745786205706 42.364444444444445
89.49745786205706 42.364444444444445
91.31419230510514 42.318888888888885
91.31419230510514 42.318888888888885
89.05112193890359 42.30555555555556
89.94048978898127 41.785555555555554
89.94048978898127 41.785555555555554
91.33896638758864 41.77444444444444
91.33896638758864 41.77444444444444
90.64166159854932 41.54888888888889
90.26055849157815 41.31333333333333
90.26055849157815 41.31333333333333
89.74843588415516 41.29333333333334
90.86352983232828 41.27444444444444
89.91067120235314 41.22222222222222
89.91067120235314 41.22222222222222
90.12437242060568 41.04222222222222
90.12437242060568 41.04222222222222
90.12437242060568 41.04222222222222
89.6615258656713 41.02
89.6615258656713 41.02
89.6615258656713 41.02
85.04198433532586 40.56111111111111
85.04198433532586 40.56111111111111
83.86384594786438 40.25333333333333
81.52151626844447 39.45444444444445
81.26659639411837 39.062222222222225
79.58463497880595 38.376666666666665
79.55846138124919 38.14
79.55846138124919 38.14
78.83842758519594 37.66
79.14200243979994 37.59222222222222
79.14200243979994 37.59222222222222
79.14200243979994 37.59222222222222
78.48916122370758 37.446666666666665
78.48916122370758 37.446666666666665
78.87998305010932 37.17111111111111
78.87998305010932 37.17111111111111
78.87998305010932 37.17111111111111
78.87998305010932 37.17111111111111
79.19335010752496 37.08222222222222
79.19335010752496 37.08222222222222
79.19335010752496 37.08222222222222
79.19335010752496 37.08222222222222
79.21573509530779 36.992222222222225
79.30658116461811 36.85444444444445
79.30658116461811 36.85444444444445
79.30658116461811 36.85444444444445
79.30658116461811 36.85444444444445
79.30658116461811 36.85444444444445
79.30658116461811 36.85444444444445
79.30658116461811 36.85444444444445
79.30658116461811 36.85444444444445
79.30658116461811 36.85444444444445
79.30658116461811 36.85444444444445
79.30658116461811 36.85444444444445
79.30658116461811 36.85444444444445
79.30658116461811 36.85444444444445
79.40806111773483 36.84222222222222
79.40806111773483 36.84222222222222
79.43127169583825 36.81333333333333
79.3475389175005 36.81333333333333
79.14964123676386 36.78888888888889
79.14964123676386 36.78888888888889
78.18775253606711 36.69222222222222
78.65010168969546 36.64333333333333
78.65010168969546 36.64333333333333
78.42507157139798 36.54
78.42507157139798 36.54
78.75238249533183 36.51555555555556
78.43034606496852 36.458888888888886
78.12986888441088 36.458888888888886
78.19824188497198 36.39555555555555
78.19824188497198 36.39555555555555
78.19824188497198 36.39555555555555
78.24503942876414 36.38444444444445
78.18053724226088 36.36222222222222
78.18053724226088 36.36222222222222
78.11060209481056 36.35111111111111
78.11060209481056 36.35111111111111
78.11060209481056 36.35111111111111
78.11060209481056 36.35111111111111
78.11060209481056 36.35111111111111
78.11060209481056 36.35111111111111
78.11060209481056 36.35111111111111
78.11060209481056 36.35111111111111
78.11060209481056 36.35111111111111
78.11060209481056 36.35111111111111
78.11689005179737 36.34222222222222
78.11689005179737 36.34222222222222
78.11689005179737 36.34222222222222
78.11689005179737 36.34222222222222
78.15284476317959 36.34111111111111
78.15284476317959 36.34111111111111
78.15284476317959 36.34111111111111
78.15284476317959 36.34111111111111
78.15284476317959 36.34111111111111
78.15284476317959 36.34111111111111
78.14347822567768 36.34
78.15866107868449 36.33888888888889
78.1180678681611 36.33444444444444
78.1180678681611 36.33444444444444
78.1180678681611 36.33444444444444
78.1180678681611 36.33444444444444
77.97972485168343 36.33444444444444
77.97972485168343 36.33444444444444
77.96718865516954 36.33
77.96718865516954 36.33
77.96718865516954 36.33
77.96718865516954 36.33
77.96718865516954 36.33
77.96718865516954 36.33
77.96718865516954 36.33
77.96718865516954 36.33
77.96718865516954 36.33
77.96718865516954 36.33
77.96718865516954 36.33
77.96718865516954 36.33
77.96718865516954 36.33
77.96718865516954 36.33
77.96718865516954 36.33