22.69101832133064 175.80925
25.464959108469515 169.92159722222223
30.40115047238167 161.88319444444446
35.971908179803826 148.71155555555555
40.172045497922895 138.3791388888889
44.996983659019214 129.40720833333333
49.81458446943744 121.71731944444444
54.590517464780554 113.42881944444444
59.75602794351748 106.02645833333334
61.831307055206295 102.06566666666667
67.18107186346339 95.63448611111112
69.0664710626781 93.35236111111111
70.68769583914637 90.49531944444445
71.08991822459825 87.85651388888888
71.02348198031824 85.69894444444445
71.1156131973417 83.17163888888889
71.87403735086329 81.338875
72.71833665623708 78.94995833333333
73.55710624495671 77.62502777777777
74.01468707470517 76.07227777777778
73.8145358662403 74.08268055555556