22.69101832133064 175.80925
25.464959108469515 169.92159722222223
30.40115047238167 161.88319444444446
35.971908179803826 148.71155555555555
40.172045497922895 138.3791388888889
44.996983659019214 129.40720833333333
49.81458446943744 121.71731944444444
54.590517464780554 113.42881944444444
59.75602794351748 106.02645833333334
61.831307055206295 102.06566666666667
67.18107186346339 95.63448611111112
69.0664710626781 93.35236111111111
70.68769583914637 90.49531944444445
71.08991822459825 87.85651388888888
71.02348198031824 85.69894444444445
71.1156131973417 83.17163888888889
71.87403735086329 81.338875
72.71833665623708 78.94995833333333
73.55710624495671 77.62502777777777
74.01468707470517 76.07227777777778
73.8145358662403 74.08268055555556
75.26329084999621 71.83566666666667
75.21739158731042 71.28930555555556
75.1083205900971 70.83441666666667
75.365492852803 69.79390277777777
74.99506764731159 68.9161388888889
75.79396089158611 67.87251388888889
75.62722167845426 67.17481944444444
75.99794216121903 65.975875
77.39664448110065 65.09043055555556
78.78646507899794 63.75333333333333
79.9494773825751 62.391819444444444
80.81511464804785 61.86841666666667
81.07055700613299 61.074083333333334
80.34700004536245 60.407777777777774
80.34692244817033 59.17268055555556
80.94002471766045 58.18197222222222
81.15926467776904 57.34084722222222
80.75788425837234 56.51134722222222
81.07397358618826 55.778958333333335
81.65377109456578 55.235625
83.13422873520231 54.27298611111111
83.61530454917161 53.61031944444444
83.90219924978874 52.99358333333333
83.8005480227942 52.41536111111111
84.48608020979349 52.112722222222224
84.7946604140513 51.972458333333336
85.06655198639517 51.30873611111111
85.16081653578031 50.944180555555555
85.63990404369783 50.49404166666667
85.60491567648883 50.27652777777778
85.5195677033821 50.038555555555554
85.70463907809923 49.76779166666667
85.72232167100005 49.680194444444446
85.2306898797566 49.406888888888886
84.95415524670855 49.17475
85.66102415753906 49.06915277777778
85.87812996131159 48.55204166666667
86.19480890664488 48.326541666666664
85.97598554798552 48.21936111111111
85.94720170924225 47.88791666666667
85.77173580680753 47.72475
85.58463194283452 47.618944444444445
85.17564029893992 47.46734722222222
85.23646792375068 47.370222222222225
85.02997955046433 47.02119444444445
85.06645947584275 46.80086111111111
85.18036409183605 46.60443055555555
85.46016159901598 46.39418055555556
85.80390300277135 46.07176388888889
85.80055227042666 45.932805555555554
85.85465289273189 45.66520833333333
85.82958594646911 45.65291666666667
86.06316607330665 45.60922222222222
86.19785775792894 45.50895833333333
86.46270021070704 45.40940277777778
86.78265634425281 45.32308333333334
87.16709268991359 45.24375
87.269628547542 45.039875
87.40669185715552 44.853972222222225
87.31737001369903 44.65031944444444
87.61879656251959 44.52527777777778
87.8997046429164 44.407555555555554
88.3236471706993 44.24766666666667
88.49997821667725 44.14969444444444
88.44957944562692 44.05218055555556
88.6547144963235 43.891222222222225
88.67720711206482 43.71876388888889
88.63985594957319 43.64991666666667
88.86198969100109 43.55269444444444
89.09658373036063 43.43994444444444
89.37094038748813 43.26929166666667
89.3709647282622 43.14713888888889
89.26459004606235 42.97888888888889
89.71374517237767 42.844541666666665
89.9350163169089 42.66056944444444
89.96326812920849 42.4785
89.80834080288282 42.33523611111111
89.93725132419138 42.27333333333333
90.09722842440979 42.22515277777778
89.93303905855109 42.04938888888889
89.85685195290934 41.96743055555555
89.72860458410129 41.85140277777778
88.8528376082946 41.67190277777778
87.64970529704749 41.53483333333333
86.3641226745352 41.238125000000004
85.75149793774133 41.028958333333335
84.93060950287793 40.791333333333334
84.04448981347333 40.509083333333336
83.4210681448073 40.254152777777776
83.07949877746547 40.05351388888889
82.64730730886498 39.849291666666666
82.15583478684914 39.591902777777776
82.05043271738253 39.43759722222222
81.5237751825489 39.30052777777778
81.27747020575013 39.17798611111111
81.03323976633068 39.0465
80.94107054715589 38.85845833333333
80.70959183475982 38.757
80.63678346229464 38.694583333333334
80.4676206215231 38.576458333333335
80.34162727245422 38.50268055555556
80.18585717942052 38.40255555555556
80.09314616252756 38.307249999999996
80.2154311161474 38.236402777777776
80.06267060730941 38.105375
79.9309948401272 38.00373611111111
79.88706068082219 37.92498611111111
79.89958125119385 37.88297222222222
79.88220830423505 37.844319444444444
79.85250972675743 37.80436111111111
79.78059237276592 37.763152777777776
79.8062191872578 37.74748611111111
79.73657105395804 37.70909722222222
79.78877134686536 37.66286111111111
79.80861528371214 37.65833333333333
79.83736483224106 37.638666666666666
79.81178578871808 37.555416666666666
79.80382098273519 37.537444444444446
79.83383812095859 37.50940277777778
79.8043608780816 37.474125
79.76088820349176 37.458125
79.79175508778773 37.451097222222224
79.64953367981025 37.405652777777775
79.5826795861305 37.397222222222226
79.41424389847823 37.343333333333334
79.34171368879218 37.32118055555556
79.30324070914288 37.27679166666667
79.32030195825868 37.222430555555555
79.28793173332053 37.19565277777778
79.25148676207971 37.16902777777778
79.14914948188445 37.1285
79.09327882171505 37.08327777777778
79.06711129215552 37.053
79.06396919644047 37.03018055555555
78.97002340658314 36.99126388888889
78.8726386144485 36.951819444444446
78.8364566057269 36.93172222222222
78.86137665198271 36.90673611111111
78.8199065344515 36.88583333333333
78.7976601584089 36.866680555555554
78.75472853500149 36.83456944444445
78.72086364371837 36.812736111111114
78.6344079929178 36.766888888888886
78.61262161819712 36.74465277777778
78.60918546502306 36.73897222222222
78.61400229558556 36.71959722222222
78.60653236396591 36.70531944444444
78.60287059726687 36.674166666666665
78.57840819092311 36.655097222222224
78.57665278613638 36.64745833333333
78.56533322017314 36.64023611111111
78.54977865815636 36.62911111111111
78.49350146327853 36.620694444444446
78.50139368168956 36.61544444444444
78.52517591152007 36.60151388888889
78.49009663661485 36.59679166666667
78.50443057653666 36.59225
78.48669628088052 36.57113888888889
78.43460605677167 36.55802777777778
78.43488057932724 36.55301388888889
78.44030975167796 36.545208333333335
78.44836340994097 36.544152777777775
78.44674314802539 36.54125
78.43637438420531 36.535666666666664
78.43650935537045 36.530944444444444
78.42174382026128 36.528527777777775
78.41809131448854 36.525125
78.41470229302661 36.52175
78.40854960741277 36.518055555555556
78.40905978861866 36.51773611111111
78.40591722337105 36.51552777777778
78.40387277129386 36.510847222222225
78.39499052218447 36.50936111111111
78.3905788426829 36.50826388888889
78.3905788426829 36.50826388888889
78.39194436085721 36.50501388888889
78.39114473414897 36.50459722222222
78.37835674978079 36.50215277777778
78.37659855661649 36.50061111111111
78.37258694087402 36.498083333333334
78.37708458483907 36.497194444444446
78.37389914177275 36.49630555555556
78.38157764238811 36.49540277777778
78.36898938813496 36.493027777777776
78.36547043559327 36.489666666666665
78.36320680314726 36.487625
78.36107832130978 36.486111111111114
78.35790726494233 36.482791666666664
78.35680169541006 36.4815
78.35455549162656 36.47880555555555
78.34979359462027 36.47759722222222
78.36182444172073 36.47623611111111
78.28325843466581 36.43398611111111
78.2793550252295 36.432652777777776
78.27121087527361 36.42831944444444
78.27101333992044 36.42472222222222
78.26931199573247 36.424569444444444
78.27195354720257 36.399791666666665
78.27192445587919 36.398472222222225
78.27312405044012 36.397875