35.97822930817423 149.66333333333333
50.37975233065682 137.45888888888888
44.33562389402516 130.69666666666666
57.179010616415255 101.99222222222222
61.50717702064611 100.84333333333333
75.00066223855647 85.39222222222222
75.00066223855647 85.39222222222222
75.15565263523466 82.80777777777777
77.93313286581797 80.17666666666666
77.93313286581797 80.17666666666666
79.73648961476202 79.26333333333334
84.25609153155386 72.92666666666666
75.26567115012509 68.93
75.26567115012509 68.93
72.26493744361782 65.32777777777778
68.72680521934586 63.80555555555556
68.72680521934586 63.80555555555556
71.18748899193385 62.888888888888886
70.4756978810807 61.23111111111111
77.4565667082606 57.94555555555556
74.5904535727642 56.196666666666665
74.5904535727642 56.196666666666665
74.5904535727642 56.196666666666665
74.5904535727642 56.196666666666665
74.5904535727642 56.196666666666665
75.21161492310134 55.26444444444444
76.48299039165386 54.73888888888889
80.2751927521966 53.96333333333333
78.68000192588734 53.486666666666665
83.18544711119014 52.373333333333335
85.78088057864615 51.65888888888889
85.78088057864615 51.65888888888889
83.12437917460946 51.34111111111111
81.0679484189499 51.07666666666667
86.20942743253798 49.45111111111111
83.070914757775 49.39222222222222
81.28029723350028 48.12444444444444
80.22535782027764 47.644444444444446
89.63157280092976 47.39555555555555
89.63157280092976 47.39555555555555
88.3432362703613 47.35666666666667