22.69101832133064 175.80925
25.464959108469515 169.92159722222223
30.40115047238167 161.88319444444446
35.971908179803826 148.71155555555555
40.172045497922895 138.3791388888889
44.996983659019214 129.40720833333333
49.81458446943744 121.71731944444444
54.590517464780554 113.42881944444444
59.75602794351748 106.02645833333334
61.831307055206295 102.06566666666667
67.18107186346339 95.63448611111112
69.0664710626781 93.35236111111111
70.68769583914637 90.49531944444445
71.08991822459825 87.85651388888888
71.02348198031824 85.69894444444445
71.1156131973417 83.17163888888889
71.87403735086329 81.338875
72.71833665623708 78.94995833333333
73.55710624495671 77.62502777777777
74.01468707470517 76.07227777777778
73.8145358662403 74.08268055555556
75.26329084999621 71.83566666666667
75.21739158731042 71.28930555555556
75.1083205900971 70.83441666666667
75.365492852803 69.79390277777777
74.99506764731159 68.9161388888889
75.79396089158611 67.87251388888889
75.62722167845426 67.17481944444444
75.99794216121903 65.975875
77.39664448110065 65.09043055555556
78.78646507899794 63.75333333333333
79.9494773825751 62.391819444444444
80.81511464804785 61.86841666666667
81.07055700613299 61.074083333333334
80.34700004536245 60.407777777777774
80.34692244817033 59.17268055555556
80.94002471766045 58.18197222222222
81.15926467776904 57.34084722222222
80.75788425837234 56.51134722222222
81.07397358618826 55.778958333333335
81.65377109456578 55.235625
83.13422873520231 54.27298611111111
83.61530454917161 53.61031944444444
83.90219924978874 52.99358333333333
83.8005480227942 52.41536111111111
84.48608020979349 52.112722222222224
84.7946604140513 51.972458333333336
85.06655198639517 51.30873611111111
85.16081653578031 50.944180555555555
85.63990404369783 50.49404166666667
85.60491567648883 50.27652777777778