24.548837306804494 172.456
29.974001441762795 158.756
34.78877178962047 148.9348
40.576945681518545 139.8088
48.81291054863198 123.994
55.23172344857195 115.2964
65.67346235797822 102.3356
68.32250631330821 97.2824
69.61093158008286 91.3996
70.51982254348042 87.7368
72.25903389193962 85.776
74.19070820658561 82.2812
74.09058183810161 80.7876
74.81830080445924 79.5636
75.76763506023673 78.3732
76.66453072611388 75.9704
76.96259664697605 74.244
75.83688033348604 73.10079999999999
74.97327755572714 72.5372
74.82727941065227 71.5868
73.60740827043188 70.12
73.50844110997967 69.3924
74.07037726261827 68.1264
73.83280365659324 66.546
73.97765956473303 66.1552
72.39968115504553 64.1128
71.99352861517987 61.836
72.1172562463181 60.8012
72.346042971324 58.2168
72.79979335856024 57.322
72.9704598964 57.246
72.51261515246998 56.1772
72.34748793494856 55.6328
72.56167784587737 53.9888
72.11468527774859 53.3288
72.38777023920649 52.4208
71.79733637871188 51.2572
71.92437417470566 51.2556
72.25437478788885 50.9072
71.64658794700682 50.3496
71.11986631382385 49.5236
71.07187340795194 49.1648
70.37479262409236 48.78
69.68692304266821 47.8272
69.38609239446433 47.0468
69.02503280796856 46.2856
68.59983712083444 45.3196
68.0639317974927 45.068
67.91379477313927 44.7752
67.15465688420375 43.6364
67.18323534253156 43.5512
66.96028304622308 42.7704
66.29999414443539 42.3796
65.8949209532655 41.6176
65.97198983341826 41.552
65.51782777798596 40.6676
65.28679641368483 39.7736
65.28679641368483 39.7736
63.79092315807023 39.2096
64.21411019064638 38.7032
63.867907719937236 36.7524
64.05316572698514 36.23
64.09718889959998 36.0492
63.310046489191606 34.8156
63.136731715741824 34.2
63.557510688070664 34.1464
63.70855976403415 33.7928
63.198264230702875 33.4828
62.65236589544784 33.1292
62.578080295965975 32.7916
62.05825077911244 32.3012
61.67009642973017 31.8844
60.983419656714375 31.3228
61.014215614489174 31.0916
60.975467026895636 30.8628
61.14562069077536 30.572
61.04388389702956 30.4888
61.21948710863876 30.105999999999998
61.292025194174045 29.9876
61.267621969670074 29.7184
61.2039820046623 29.4308
61.15659793503974 29.3628
60.98631628262466 29.2936
60.78492269427779 29.0028
60.77421623222004 28.992
60.7051866131903 28.8112
60.7768266597136 28.7204
60.7768266597136 28.7204
59.890060471691626 27.774
59.76719403412173 27.6412
59.98540654622292 27.1708
59.288092240450744 26.8492
59.25597542543331 26.83
59.4646342847487 26.4904
59.29215490200495 26.1992
58.98109328123345 25.839199999999998
58.98561593017158 25.8184
58.47637418460759 25.7212
58.10701950993349 25.3924
58.08393009853312 24.9472
58.19276369067911 24.4884
58.30774922100087 24.106
58.30774922100087 24.106
58.287164709834876 24.096
58.31378090359559 23.9712
58.17557849322873 23.8696
58.078907857073794 23.846
58.06500302199303 23.427599999999998
58.06500302199303 23.427599999999998
57.959085625710934 23.3688
57.643556449250774 22.8588
57.604325939919185 22.8356
57.413086530875745 22.4084
57.306606156687764 22.3212
57.28788944059023 22.284
57.28451706788989 22.2616
56.9537880887139 22.15
57.04405694717476 21.63
57.070287662249854 21.5424
57.07233069880294 21.5292
57.08965596626742 21.5152
57.0418077286081 21.3512
57.099007306814386 21.2724
57.11966987385414 21.2192
57.11966987385414 21.2192
57.15515206782657 20.908
57.15515206782657 20.908
56.98809419782258 20.802
56.932768297959164 20.784
56.9348905651087 20.7632
56.863131599301916 20.7196
56.8435504453992 20.7144
56.800637599017186 20.68
56.64817440029324 20.6652
56.73225662964635 20.6076
56.732879623831046 20.6052
56.744876479548765 20.6036
56.744876479548765 20.6036
56.77256712824787 20.422
56.786289568994476 20.3932
56.77484205459356 20.2772
56.817383247084884 20.2416
57.343373552423465 20.0848
57.39316578902323 20.0004
57.38138028966121 19.9576
57.3893221362989 19.9448
57.472560678598114 19.9284
57.427690848147606 19.758399999999998
57.579869765669336 19.6732
57.4918309328956 19.6068
57.465651284526466 19.5804