24.548837306804494 172.456
29.974001441762795 158.756
34.78877178962047 148.9348
40.576945681518545 139.8088
48.81291054863198 123.994
55.23172344857195 115.2964
65.67346235797822 102.3356
68.32250631330821 97.2824
69.61093158008286 91.3996
70.51982254348042 87.7368
72.25903389193962 85.776
74.19070820658561 82.2812
74.09058183810161 80.7876
74.81830080445924 79.5636
75.76763506023673 78.3732
76.66453072611388 75.9704
76.96259664697605 74.244
75.83688033348604 73.10079999999999
74.97327755572714 72.5372
74.82727941065227 71.5868
73.60740827043188 70.12