38.054130408868 136.72
38.026815514894636 133.42
54.405259858119805 124.36
62.804966541767 100.3
77.58802250875823 73.68
58.55481656705809 61.32
65.87232046878268 61.28
65.87232046878268 61.28
73.67302940887109 56.48
73.67302940887109 56.48
73.67302940887109 56.48
73.67302940887109 56.48
73.67302940887109 56.48
73.67302940887109 56.48
73.67302940887109 56.48
69.41290494672349 54.9
53.34678635500169 41.86
53.34678635500169 41.86
53.34678635500169 41.86
53.34678635500169 41.86
57.26804488631955 38.38
57.26804488631955 38.38
57.26804488631955 38.38
63.70493075668499 26.46
63.70493075668499 26.46
63.70493075668499 26.46
63.70493075668499 26.46
63.70493075668499 26.46
63.70493075668499 26.46
55.436592189474304 26.46
55.436592189474304 26.46
57.889227990185915 24.08
57.889227990185915 24.08
57.889227990185915 24.08
57.889227990185915 24.08
57.889227990185915 24.08
57.889227990185915 24.08
57.889227990185915 24.08
57.889227990185915 24.08
57.889227990185915 24.08
57.889227990185915 24.08
57.889227990185915 24.08
57.889227990185915 24.08
64.19051355863466 20.6
64.19051355863466 20.6
64.19051355863466 20.6
56.738386051207165 20.18
56.738386051207165 20.18
54.15153025169897 18.16
54.15153025169897 18.16
54.15153025169897 18.16
54.15153025169897 18.16
54.15153025169897 18.16
54.15153025169897 18.16
54.15153025169897 18.16
54.15153025169897 18.16
53.59710057663831 18.14
53.59710057663831 18.14
53.59710057663831 18.14
53.59710057663831 18.14
54.49399880120326 18.02
54.49399880120326 18.02
55.183314694637076 17.24
55.183314694637076 17.24
55.183314694637076 17.24
55.183314694637076 17.24
55.183314694637076 17.24
55.183314694637076 17.24
55.183314694637076 17.24
55.183314694637076 17.24
55.026253195420296 17.24
55.026253195420296 17.24
55.026253195420296 17.24
55.026253195420296 17.24
55.026253195420296 17.24
55.026253195420296 17.24
55.026253195420296 17.24
55.026253195420296 17.24
55.026253195420296 17.24
55.026253195420296 17.24
55.026253195420296 17.24
54.86097511877228 17.18
54.86097511877228 17.18
54.86097511877228 17.18
54.86097511877228 17.18
54.86097511877228 17.18
54.86097511877228 17.18
54.86097511877228 17.18
54.86097511877228 17.18
54.86097511877228 17.18
54.86097511877228 17.18
54.8136502791656 17.18
54.8136502791656 17.18
54.8136502791656 17.18
54.8136502791656 17.18
54.8136502791656 17.18
54.9336502791656 16.56
54.9336502791656 16.56
54.9336502791656 16.56
54.9336502791656 16.56
54.9336502791656 16.56
54.9336502791656 16.56
54.9336502791656 16.56
54.9336502791656 16.56
54.9336502791656 16.56
54.9336502791656 16.56
54.9336502791656 16.56
54.9336502791656 16.56
54.9336502791656 16.56
54.9336502791656 16.56
54.9336502791656 16.56
54.9336502791656 16.56
54.9336502791656 16.56
54.9336502791656 16.56
54.9336502791656 16.56
54.9336502791656 16.56
54.9336502791656 16.56
54.9336502791656 16.56
54.9336502791656 16.56
54.9336502791656 16.56
54.9336502791656 16.56
54.9336502791656 16.56
54.9336502791656 16.56
54.9336502791656 16.56
54.9336502791656 16.56
54.9336502791656 16.56
54.9336502791656 16.56
54.9336502791656 16.56
54.9336502791656 16.56
54.9336502791656 16.56
54.9336502791656 16.56
54.9336502791656 16.56
54.9336502791656 16.56
54.9336502791656 16.56
54.9336502791656 16.56
54.9336502791656 16.56
54.9336502791656 16.56
54.9336502791656 16.56
54.9336502791656 16.56
54.9336502791656 16.56
54.9336502791656 16.56
57.76179302479134 16.32
56.62147107205678 16.06
55.9156416406602 15.84
55.9156416406602 15.84
55.09672865958815 15.72
55.09672865958815 15.72
55.09672865958815 15.72
55.09672865958815 15.72
54.93451325406266 15.7
54.93451325406266 15.7
54.93451325406266 15.7
53.31474451524033 15.06
53.31474451524033 15.06
53.31474451524033 15.06
53.31474451524033 15.06
53.52300141449516 15.04
53.52300141449516 15.04
53.52300141449516 15.04
53.52300141449516 15.04
53.52300141449516 15.04
53.52300141449516 15.04
53.52300141449516 15.04
53.52300141449516 15.04
53.52300141449516 15.04
53.52300141449516 15.04
53.093369604702325 15.02
53.093369604702325 15.02
53.093369604702325 15.02
49.89718338779932 14.5
49.89718338779932 14.5
49.89718338779932 14.5
49.89718338779932 14.5
49.89718338779932 14.5
49.89718338779932 14.5
49.89718338779932 14.5
49.89718338779932 14.5
51.543670430822 14.46
51.543670430822 14.46
51.543670430822 14.46
51.543670430822 14.46
51.543670430822 14.46
51.543670430822 14.46
51.543670430822 14.46
51.543670430822 14.46
51.543670430822 14.46
51.543670430822 14.46
51.543670430822 14.46
51.543670430822 14.46
51.543670430822 14.46
51.543670430822 14.46
51.543670430822 14.46
51.570266975934416 14.32
51.570266975934416 14.32
51.570266975934416 14.32
51.570266975934416 14.32
51.570266975934416 14.32
51.46963068806397 14.3
51.46963068806397 14.3
51.03903464649296 14.24
51.03903464649296 14.24
51.03903464649296 14.24
51.03903464649296 14.24
51.03903464649296 14.24
51.03903464649296 14.24
51.03903464649296 14.24
50.07087274655409 14.18
50.07087274655409 14.18
50.07087274655409 14.18
50.07087274655409 14.18
50.07087274655409 14.18
50.07087274655409 14.18
50.07087274655409 14.18
49.14889276125123 13.86
49.14889276125123 13.86
49.14889276125123 13.86
49.14889276125123 13.86
49.14889276125123 13.86
49.14889276125123 13.86
49.14889276125123 13.86
49.14889276125123 13.86
48.71776803678199 13.8
48.71776803678199 13.8
48.71776803678199 13.8
48.71776803678199 13.8
48.71776803678199 13.8
48.71776803678199 13.8
48.71776803678199 13.8
48.71776803678199 13.8
48.71776803678199 13.8
48.71776803678199 13.8
48.71776803678199 13.8
48.71776803678199 13.8
48.71776803678199 13.8
48.71776803678199 13.8
48.71776803678199 13.8
48.71776803678199 13.8
48.71776803678199 13.8
48.71776803678199 13.8
48.96337622396558 13.78
48.96337622396558 13.78