24.548837306804494 172.456
29.974001441762795 158.756
34.78877178962047 148.9348
40.576945681518545 139.8088
48.81291054863198 123.994
55.23172344857195 115.2964
65.67346235797822 102.3356
68.32250631330821 97.2824
69.61093158008286 91.3996
70.51982254348042 87.7368
72.25903389193962 85.776
74.19070820658561 82.2812
74.09058183810161 80.7876
74.81830080445924 79.5636
75.76763506023673 78.3732
76.66453072611388 75.9704
76.96259664697605 74.244
75.83688033348604 73.10079999999999
74.97327755572714 72.5372
74.82727941065227 71.5868
73.60740827043188 70.12
73.50844110997967 69.3924
74.07037726261827 68.1264
73.83280365659324 66.546
73.97765956473303 66.1552
72.39968115504553 64.1128
71.99352861517987 61.836
72.1172562463181 60.8012
72.346042971324 58.2168
72.79979335856024 57.322
72.9704598964 57.246
72.51261515246998 56.1772
72.34748793494856 55.6328
72.56167784587737 53.9888
72.11468527774859 53.3288
72.38777023920649 52.4208
71.79733637871188 51.2572
71.92437417470566 51.2556
72.25437478788885 50.9072
71.64658794700682 50.3496
71.11986631382385 49.5236
71.07187340795194 49.1648
70.37479262409236 48.78
69.68692304266821 47.8272
69.38609239446433 47.0468
69.02503280796856 46.2856
68.59983712083444 45.3196
68.0639317974927 45.068
67.91379477313927 44.7752
67.15465688420375 43.6364
67.18323534253156 43.5512
66.96028304622308 42.7704
66.29999414443539 42.3796
65.8949209532655 41.6176
65.97198983341826 41.552
65.51782777798596 40.6676
65.28679641368483 39.7736
65.28679641368483 39.7736
63.79092315807023 39.2096
64.21411019064638 38.7032
63.867907719937236 36.7524
64.05316572698514 36.23
64.09718889959998 36.0492
63.310046489191606 34.8156
63.136731715741824 34.2
63.557510688070664 34.1464
63.70855976403415 33.7928
63.198264230702875 33.4828
62.65236589544784 33.1292
62.578080295965975 32.7916
62.05825077911244 32.3012
61.67009642973017 31.8844
60.983419656714375 31.3228
61.014215614489174 31.0916
60.975467026895636 30.8628
61.14562069077536 30.572
61.04388389702956 30.4888
61.21948710863876 30.105999999999998
61.292025194174045 29.9876
61.267621969670074 29.7184
61.2039820046623 29.4308
61.15659793503974 29.3628
60.98631628262466 29.2936
60.78492269427779 29.0028
60.77421623222004 28.992
60.7051866131903 28.8112
60.7768266597136 28.7204
60.7768266597136 28.7204
59.890060471691626 27.774
59.76719403412173 27.6412
59.98540654622292 27.1708
59.288092240450744 26.8492
59.25597542543331 26.83
59.4646342847487 26.4904
59.29215490200495 26.1992
58.98109328123345 25.839199999999998
58.98561593017158 25.8184
58.47637418460759 25.7212
58.10701950993349 25.3924
58.08393009853312 24.9472
58.19276369067911 24.4884
58.30774922100087 24.106
58.30774922100087 24.106
58.287164709834876 24.096
58.31378090359559 23.9712
58.17557849322873 23.8696
58.078907857073794 23.846
58.06500302199303 23.427599999999998
58.06500302199303 23.427599999999998
57.959085625710934 23.3688
57.643556449250774 22.8588
57.604325939919185 22.8356
57.413086530875745 22.4084
57.306606156687764 22.3212
57.28788944059023 22.284
57.28451706788989 22.2616
56.9537880887139 22.15
57.04405694717476 21.63
57.070287662249854 21.5424
57.07233069880294 21.5292
57.08965596626742 21.5152
57.0418077286081 21.3512
57.099007306814386 21.2724
57.11966987385414 21.2192
57.11966987385414 21.2192
57.15515206782657 20.908
57.15515206782657 20.908
56.98809419782258 20.802
56.932768297959164 20.784
56.9348905651087 20.7632
56.863131599301916 20.7196
56.8435504453992 20.7144
56.800637599017186 20.68
56.64817440029324 20.6652
56.73225662964635 20.6076
56.732879623831046 20.6052
56.744876479548765 20.6036
56.744876479548765 20.6036
56.77256712824787 20.422
56.786289568994476 20.3932
56.77484205459356 20.2772
56.817383247084884 20.2416
57.343373552423465 20.0848
57.39316578902323 20.0004
57.38138028966121 19.9576
57.3893221362989 19.9448
57.472560678598114 19.9284
57.427690848147606 19.758399999999998
57.579869765669336 19.6732
57.4918309328956 19.6068
57.465651284526466 19.5804
57.49602232899515 19.540399999999998
57.441724829035664 19.5136
57.40657330875397 19.436
57.47334743664351 19.3336
57.336211916683396 19.2876
57.08985974029925 19.1888
57.07428057263751 19.186
57.36723549698479 18.9676
57.44402274868669 18.944
57.08313665951236 18.8356
56.87452984990257 18.6144
56.82024328742499 18.5728
56.80602497635109 18.57
56.53972607562814 18.5272
56.53972607562814 18.5272
56.19813335353361 17.9752
56.1294393004369 17.97
55.886629224434344 17.664
55.64130829745864 17.6124
55.629115093262605 17.6012
55.571506616266895 17.525199999999998
55.55338680618039 17.5168
55.59665112976386 17.3708
55.62819544176523 17.363599999999998
55.66981684298224 17.3444
55.79184223616993 17.3328
55.79881972079042 17.33
55.800791141273926 17.328
55.817719531244414 17.3216
55.358059163605525 16.9016
55.41373181249476 16.871199999999998
55.54080481966564 16.772
55.54192345984251 16.7676
55.45779670438773 16.7484
55.45779670438773 16.7484
55.34960471791428 16.7136
55.33403640273242 16.6916
55.34904602844392 16.684
55.399294322939056 16.6464
55.38570752822381 16.6452
55.39300437896086 16.6432
55.38380415320171 16.6028
55.25043405860583 16.5752
55.19393205703062 16.5656
55.18390568364399 16.5592
55.22572446580763 16.5192
55.18716792635872 16.4904
55.1197567008164 16.488
55.10913205422757 16.4864
54.84083330877996 16.3936
54.833289241116525 16.3892
54.90824199497281 16.3612
54.88143200751914 16.3532
54.8068387007745 16.3248
54.8036387007745 16.3248
54.72966120533859 16.3112
54.733975233065244 16.3
54.59956230920706 16.2828
54.57151375087282 16.2744
54.496835231924344 16.2412
54.47587187516186 16.228
54.48098354886482 16.2248
54.29418405280163 16.1588
54.24380378546912 16.146
54.248152994705436 16.0816
54.21769532811369 16.0676
54.16328977386722 16.056
54.22711041692025 16.0368
54.17554638378858 16.0276
54.1612916855646 16.0148
54.07285658295036 15.9796
54.03668779179076 15.97
53.97450325469808 15.962
53.991556122718414 15.9104
53.99110670701116 15.9088
53.88907825026603 15.8536
53.95675520776915 15.840399999999999
53.95675520776915 15.840399999999999
53.95675520776915 15.840399999999999
53.82244212931265 15.799199999999999
53.79782637643467 15.7472
53.79782637643467 15.7472
53.739566603585565 15.68
53.739566603585565 15.68
53.739566603585565 15.68
53.54679502639968 15.653599999999999
53.44422917739973 15.6316
53.45604423530441 15.594
53.41498786486205 15.5828
53.36535286769845 15.5156
53.35169975685215 15.2868
53.35169975685215 15.2868
53.35169975685215 15.2868
53.34398534609279 15.2868
53.39670384313114 15.2572
53.38302699634749 15.2508
53.24658329880362 15.2244
53.271503267758945 15.1976
53.26952651128221 15.1976
53.332842334279 15.1784
53.27251056705827 15.1676
53.24766999942496 15.154
53.242960411957014 15.154
53.166823842831626 15.1316
53.20940837289828 15.1296
53.20940309897765 15.1296
53.15516583507391 15.1188
53.153251431427385 15.1188
53.0840989552955 15.0936
53.0840989552955 15.0936
53.06716662084972 15.0872
53.06716662084972 15.0872
53.06716662084972 15.0872
53.10670641134455 15.086
53.10670641134455 15.086
53.10491755696255 15.086
53.07462377985421 15.0756
52.96608658693223 15.054
52.95646056582382 15.05
52.928606578080995 15.0396
52.928606578080995 15.0396
53.0332172590668 14.9704
52.876496672372895 14.9564
52.876496672372895 14.9564
52.86444738870062 14.956
52.86444738870062 14.956
52.86444738870062 14.956
52.86444738870062 14.956
52.812549488038194 14.9544
52.812549488038194 14.9544
52.78413465719516 14.9432
52.73065170750379 14.9292
52.72368875077407 14.927999999999999
52.72368875077407 14.927999999999999
52.72368875077407 14.927999999999999
52.72368875077407 14.927999999999999
52.719130225336905 14.920399999999999
52.70990792636338 14.920399999999999
52.70990792636338 14.920399999999999
52.7020915786073 14.918
52.60199090669057 14.8928
52.59050564264507 14.8912
52.58333902255642 14.8848
52.55223685875309 14.8748
52.56615664959405 14.872
52.56309081638791 14.872
52.567143590094936 14.868
52.49936049929 14.8524
52.49936049929 14.8524
52.49936049929 14.8524
52.51801116490502 14.8508
52.51801116490502 14.8508
52.51801116490502 14.8508
52.50904467427597 14.8488
52.50904467427597 14.8488
52.47096746048599 14.8432
52.47096746048599 14.8432
52.47096746048599 14.8432
52.36496978281171 14.822799999999999
52.36496978281171 14.822799999999999
52.36113093955314 14.82
52.35028614968179 14.8044
52.32613301944761 14.802
52.32613301944761 14.802
52.32613301944761 14.802
52.37058871154391 14.73
52.39900514698555 14.7232
52.39900514698555 14.7232
52.39900514698555 14.7232
52.26256483519929 14.6892
52.29100056423741 14.6872
52.27182287603652 14.6756
52.27182287603652 14.6756
52.265096904049265 14.6756
52.265096904049265 14.6756
52.26504514602128 14.6756
52.26504514602128 14.6756
52.1445727485343 14.6516
52.092307391714556 14.6388
52.092307391714556 14.6388
52.092307391714556 14.6388
52.092307391714556 14.6388
52.01225877099176 14.638
51.946649446558524 14.6268
51.946649446558524 14.6268
51.946649446558524 14.6268
51.93927547489282 14.6256
51.92467789223015 14.6116
51.92467789223015 14.6116
51.91883792525601 14.6112
51.91552355847274 14.61
51.79745634034391 14.586
51.79745634034391 14.586
51.797451066423285 14.586
51.797451066423285 14.586
51.80364170194322 14.5752
51.80364170194322 14.5752
51.83647253553153 14.5704
51.769466286039155 14.5468
51.769466286039155 14.5468
51.70923677936314 14.5348
51.59308082905887 14.5156
51.59308082905887 14.5156
51.59308082905887 14.5156
51.56889153096866 14.5116
51.56889153096866 14.5116
51.56697712732213 14.5116
51.56697712732213 14.5116
51.494728224512244 14.4936
51.494728224512244 14.4936
51.494728224512244 14.4936
51.494728224512244 14.4936
51.494728224512244 14.4936
51.494728224512244 14.4936
51.454125871008245 14.4828
51.447812826132505 14.4824
51.3359668219522 14.4808
51.420336276666156 14.4692
51.40793121322539 14.4676
51.36393415261889 14.4572
51.33829571821064 14.438
51.32835966612303 14.4304
51.32835966612303 14.4304
51.32835966612303 14.4304
51.319936532522995 14.4272
51.319936532522995 14.4272
51.27230064272581 14.416
51.27230064272581 14.416
51.267072781880415 14.416
51.20767650574667 14.403599999999999
51.20767650574667 14.403599999999999
51.152902545176204 14.392
51.08364822139978 14.387599999999999
51.0422104792442 14.3776
51.0422104792442 14.3776
50.90878103167068 14.342
50.90878103167068 14.342
50.88811792050022 14.334
50.88811792050022 14.334
50.89136707241894 14.3324
50.873567446006106 14.328
50.76552291996623 14.302
50.711321983162414 14.2916
50.70175357607352 14.2908
50.69721409925369 14.2908
50.66879960636857 14.2808
50.66879960636857 14.2808
50.64354568262407 14.2796
50.5952618842562 14.2708
50.556519036351574 14.27
50.556519036351574 14.27
50.4964627850865 14.2488
50.42516607517962 14.246
50.360023521583955 14.225999999999999
50.25793857746775 14.2064
50.290929184233356 14.2048
50.290929184233356 14.2048
50.29167200666591 14.2
50.29167200666591 14.2
50.27905121159955 14.1984
50.277324030076315 14.198
50.277324030076315 14.198
50.31031030355841 14.1944
50.31031030355841 14.1944
50.30055985967816 14.1932
50.29638642634008 14.1912
50.29318642634007 14.1912
50.2925463897199 14.1876
50.274208473276374 14.1788
50.2210816602251 14.164
50.22153269845394 14.1608
50.22153269845394 14.1608
50.22153269845394 14.1608
50.22153269845394 14.1608
50.22153269845394 14.1608
50.18525462765098 14.1556
50.19268991000771 14.1524
50.13783715668837 14.1428
50.13783715668837 14.1428
50.13783715668837 14.1428
50.13783715668837 14.1428
50.10801848859344 14.1328
50.07268860108922 14.122
50.06974135781748 14.12
50.06974135781748 14.12
50.07172858881595 14.118
50.07172858881595 14.118
50.07172858881595 14.118
50.069641347101324 14.118
50.067857766639946 14.118
50.05979736240926 14.1172
50.05910996908008 14.1172
50.05910996908008 14.1172
50.02687752783559 14.1104
50.018395161402125 14.1088
50.018395161402125 14.1088
50.014169906536594 14.1076
50.014169906536594 14.1076
50.014169906536594 14.1076
50.01493261419999 14.105599999999999
50.02124578102282 14.104
50.02124578102282 14.104
50.02124578102282 14.104
50.02124578102282 14.104
50.02124578102282 14.104
49.984473324499724 14.0904
49.98277415471102 14.0872
49.977835096934044 14.0808
49.97591541936689 14.0808
49.96236264070406 14.0784
49.93984579213663 14.072799999999999
49.94382689007337 14.0704
49.94382689007337 14.0704
49.94382689007337 14.0704
49.94382689007337 14.0704
49.94382689007337 14.0704
49.922178962796686 14.0616
49.922178962796686 14.0616
49.922178962796686 14.0616
49.83529502574162 14.0364
49.774838928825865 14.0208
49.70043985912302 14.000399999999999
49.58163724408607 13.9704
49.58163724408607 13.9704
49.58163724408607 13.9704
49.58163724408607 13.9704
49.57843724408607 13.9704
49.57873874527174 13.97
49.581340311648916 13.9692
49.584950153598314 13.9688