24.548837306804494 172.456
29.974001441762795 158.756
34.78877178962047 148.9348
40.576945681518545 139.8088
48.81291054863198 123.994
55.23172344857195 115.2964
65.67346235797822 102.3356
68.32250631330821 97.2824
69.61093158008286 91.3996
70.51982254348042 87.7368
72.25903389193962 85.776
74.19070820658561 82.2812
74.09058183810161 80.7876
74.81830080445924 79.5636
75.76763506023673 78.3732
76.66453072611388 75.9704
76.96259664697605 74.244
75.83688033348604 73.10079999999999
74.97327755572714 72.5372
74.82727941065227 71.5868
73.60740827043188 70.12
73.50844110997967 69.3924
74.07037726261827 68.1264
73.83280365659324 66.546
73.97765956473303 66.1552
72.39968115504553 64.1128
71.99352861517987 61.836
72.1172562463181 60.8012
72.346042971324 58.2168
72.79979335856024 57.322
72.9704598964 57.246
72.51261515246998 56.1772
72.34748793494856 55.6328
72.56167784587737 53.9888
72.11468527774859 53.3288
72.38777023920649 52.4208
71.79733637871188 51.2572
71.92437417470566 51.2556
72.25437478788885 50.9072
71.64658794700682 50.3496
71.11986631382385 49.5236
71.07187340795194 49.1648
70.37479262409236 48.78
69.68692304266821 47.8272
69.38609239446433 47.0468
69.02503280796856 46.2856
68.59983712083444 45.3196
68.0639317974927 45.068
67.91379477313927 44.7752
67.15465688420375 43.6364
67.18323534253156 43.5512
66.96028304622308 42.7704
66.29999414443539 42.3796
65.8949209532655 41.6176
65.97198983341826 41.552
65.51782777798596 40.6676
65.28679641368483 39.7736
65.28679641368483 39.7736
63.79092315807023 39.2096
64.21411019064638 38.7032
63.867907719937236 36.7524