28.858068363170034 172.98
34.21045968291459 159.96
39.279103693888246 148.26
49.121428077599376 133.43
58.931637168668765 122.53
76.81100544336267 101.27
77.96896319958486 99.61
80.836389814264 95.09
79.91272118972194 94.12
81.0064407134744 92.68
83.70417212301841 90.44
85.14485437031567 88.66
86.3304342341482 87.68
85.20131686171452 87.08
85.93137680859641 85.31
85.6085356182168 84.82
90.36277191533476 77.95
91.30579630442561 77.02
91.56645144725076 76.02
92.58083035717351 75.97
93.43828248305432 74.85