28.858068363170034 172.98
34.21045968291459 159.96
39.279103693888246 148.26
49.121428077599376 133.43
58.931637168668765 122.53
76.81100544336267 101.27
77.96896319958486 99.61
80.836389814264 95.09
79.91272118972194 94.12
81.0064407134744 92.68
83.70417212301841 90.44
85.14485437031567 88.66
86.3304342341482 87.68
85.20131686171452 87.08
85.93137680859641 85.31
85.6085356182168 84.82
90.36277191533476 77.95
91.30579630442561 77.02
91.56645144725076 76.02
92.58083035717351 75.97
93.43828248305432 74.85
92.96862887470373 74.85
93.06301319574833 74.64
93.06301319574833 74.64
93.89448906433267 74.29
95.42701518624044 73.57
95.42701518624044 73.57
95.88256035743929 73.35
95.88256035743929 73.35
95.88256035743929 73.35
96.05972157740429 73.13
97.18422619270271 72.2
97.18422619270271 72.2
98.80064141119132 71.01
99.416849081257 69.73
99.416849081257 69.73
100.54047739324787 68.34
100.54047739324787 68.34
102.17751414239025 66.52
101.1846851913572 64.57
103.15117473074925 62.88
104.53348846451777 60.6
102.56088517955702 59.34
102.33892289296456 59.18
102.33892289296456 59.18
103.42665128049573 56.79
103.42665128049573 56.79
103.42665128049573 56.79
102.9759288503041 53.88
100.01660656444096 53.56
100.13225279541209 52.53
102.0902242756169 50.97
103.16830040632233 50.87
103.36184098744943 50.23
105.32097789782183 48.95
105.32097789782183 48.95
105.32097789782183 48.95
105.32097789782183 48.95
105.27586751006416 48.95
105.27586751006416 48.95
105.2783523653579 48.92
105.72409472723514 48.05
106.91621730559442 46.61
106.91621730559442 46.61
106.91621730559442 46.61
106.91621730559442 46.61
106.11639115085238 45.89
106.10639115085237 45.89
108.27740016841113 45.48
108.27740016841113 45.48
108.27740016841113 45.48
108.27740016841113 45.48
108.27740016841113 45.48
108.27740016841113 45.48
108.27740016841113 45.48
108.27740016841113 45.48
108.27740016841113 45.48
108.27740016841113 45.48
108.27740016841113 45.48
108.27740016841113 45.48
108.27740016841113 45.48
108.82502038855928 45.45
108.82502038855928 45.45
108.82502038855928 45.45
108.82502038855928 45.45
108.62220557590474 45.31
108.62220557590474 45.31
108.62220557590474 45.31
108.62220557590474 45.31
108.62220557590474 45.31
108.62220557590474 45.31
108.62220557590474 45.31
108.62220557590474 45.31
108.62220557590474 45.31
108.62220557590474 45.31
108.48113211822395 44.65
108.48113211822395 44.65
108.48113211822395 44.65
108.48113211822395 44.65
108.48113211822395 44.65
108.48113211822395 44.65
108.48113211822395 44.65
108.48113211822395 44.65
108.48113211822395 44.65
108.48113211822395 44.65
108.22054147265099 44.29
108.22054147265099 44.29
108.22054147265099 44.29
108.22054147265099 44.29
108.22054147265099 44.29
108.22054147265099 44.29
108.22054147265099 44.29
108.22054147265099 44.29
108.22054147265099 44.29
108.22054147265099 44.29
108.22054147265099 44.29
108.22054147265099 44.29
108.22054147265099 44.29
108.22054147265099 44.29
108.22054147265099 44.29
109.26016657278721 44.23
109.26016657278721 44.23
108.69768951355991 43.64
108.69768951355991 43.64
108.69768951355991 43.64
110.81024690371018 43.45
110.81024690371018 43.45
110.32411447887704 42.93
110.32411447887704 42.93
110.32411447887704 42.93
110.32411447887704 42.93
110.32411447887704 42.93
110.32411447887704 42.93
110.32411447887704 42.93
110.32411447887704 42.93
111.55467859996062 42.49
111.55467859996062 42.49
112.1551873441175 42.4
112.1551873441175 42.4
112.1551873441175 42.4
112.1551873441175 42.4
107.39143668286181 41.58
107.39143668286181 41.58
107.39143668286181 41.58
107.39143668286181 41.58
106.08577517655752 41.06
106.08577517655752 41.06
106.08577517655752 41.06
106.08577517655752 41.06
105.36231661711079 40.83
105.36231661711079 40.83
105.36171896903183 40.41
104.58609414923517 40.01
104.58609414923517 40.01
104.3122008378959 39.98
104.3122008378959 39.98
104.3122008378959 39.98
104.3122008378959 39.98
103.35411147833663 39.46
103.35411147833663 39.46
101.59271313629712 38.62
101.5499365107342 38.62
101.5499365107342 38.62
101.5499365107342 38.62
102.07567131801781 38.37
102.07567131801781 38.37
100.45609201101618 37.95
99.55859228946635 37.58
99.41163207317511 37.21
99.41163207317511 37.21
100.41527117830584 36.8
100.41527117830584 36.8
99.43093351101226 36.09
99.68269156225145 35.78
99.68269156225145 35.78
99.68269156225145 35.78
99.11727402643064 34.68
97.66748572580741 33.49
97.66748572580741 33.49
97.66748572580741 33.49
99.2110687220471 32.94
99.2110687220471 32.94
98.05381989563764 32.61
98.05381989563764 32.61
98.05381989563764 32.61
98.05381989563764 32.61
98.05381989563764 32.61
98.05381989563764 32.61
98.05381989563764 32.61
99.50944849321569 31.69
99.50944849321569 31.69
99.54613070303188 31.62
99.3946429975706 31.62
99.3946429975706 31.62
100.42398502725366 30.97
101.41696461514985 30.4
101.41696461514985 30.4
101.12304053740417 29.8
101.12304053740417 29.8
101.12304053740417 29.8
101.12304053740417 29.8
101.12304053740417 29.8
101.12304053740417 29.8
101.12304053740417 29.8
101.12304053740417 29.8
101.80855683747677 29.73
101.80855683747677 29.73
101.80855683747677 29.73
101.80855683747677 29.73
100.40702137441086 29.2
100.40702137441086 29.2
100.65165395387862 29.03
100.65165395387862 29.03
100.99786115143706 28.98
100.99786115143706 28.98
100.99786115143706 28.98
100.99786115143706 28.98
100.99786115143706 28.98
100.99786115143706 28.98
100.99786115143706 28.98
100.99786115143706 28.98
100.99786115143706 28.98
100.99786115143706 28.98
100.99786115143706 28.98
100.99786115143706 28.98
100.99786115143706 28.98
100.99786115143706 28.98
100.99786115143706 28.98
100.99786115143706 28.98
100.99786115143706 28.98
100.99786115143706 28.98
100.99786115143706 28.98
100.99786115143706 28.98
100.99786115143706 28.98
100.99786115143706 28.98
100.99786115143706 28.98
102.13786527806154 28.91
102.13786527806154 28.91
102.13786527806154 28.91
102.13786527806154 28.91
102.13786527806154 28.91
102.13786527806154 28.91
102.13786527806154 28.91
102.13786527806154 28.91
102.13786527806154 28.91
102.13786527806154 28.91
102.13786527806154 28.91
102.13786527806154 28.91
101.8563831630721 28.84
101.8563831630721 28.84
101.8563831630721 28.84