60.78617132121124 116
80.18779855017732 88.5
129.2794355239202 31
148.0228188930525 30.5
139.8405264077241 29.5
117.00727616456827 25.5
117.00727616456827 25.5
117.00727616456827 25.5
117.00727616456827 25.5
117.00727616456827 25.5
117.00727616456827 25.5
117.00727616456827 25.5
117.00727616456827 25.5
117.00727616456827 25.5
117.00727616456827 25.5
117.00727616456827 25.5
117.00727616456827 25.5
117.00727616456827 25.5
117.00727616456827 25.5
117.00727616456827 25.5
117.00727616456827 25.5
117.00727616456827 25.5
117.00727616456827 25.5
117.00727616456827 25.5
117.00727616456827 25.5
117.00727616456827 25.5
117.00727616456827 25.5
117.00727616456827 25.5
117.00727616456827 25.5
117.00727616456827 25.5
117.00727616456827 25.5
117.00727616456827 25.5
117.00727616456827 25.5
117.00727616456827 25.5
117.00727616456827 25.5
117.00727616456827 25.5
117.00727616456827 25.5
117.00727616456827 25.5
126.76018029907414 24
54.81141148914956 8.5
54.81141148914956 8.5