28.858068363170034 172.98
34.21045968291459 159.96
39.279103693888246 148.26
49.121428077599376 133.43
58.931637168668765 122.53
76.81100544336267 101.27
77.96896319958486 99.61
80.836389814264 95.09
79.91272118972194 94.12
81.0064407134744 92.68
83.70417212301841 90.44
85.14485437031567 88.66
86.3304342341482 87.68
85.20131686171452 87.08
85.93137680859641 85.31
85.6085356182168 84.82
90.36277191533476 77.95
91.30579630442561 77.02
91.56645144725076 76.02
92.58083035717351 75.97
93.43828248305432 74.85
92.96862887470373 74.85
93.06301319574833 74.64
93.06301319574833 74.64
93.89448906433267 74.29
95.42701518624044 73.57
95.42701518624044 73.57
95.88256035743929 73.35
95.88256035743929 73.35
95.88256035743929 73.35
96.05972157740429 73.13
97.18422619270271 72.2
97.18422619270271 72.2
98.80064141119132 71.01
99.416849081257 69.73
99.416849081257 69.73
100.54047739324787 68.34
100.54047739324787 68.34
102.17751414239025 66.52
101.1846851913572 64.57
103.15117473074925 62.88