28.858068363170034 172.98
34.21045968291459 159.96
39.279103693888246 148.26
49.121428077599376 133.43
58.931637168668765 122.53
76.81100544336267 101.27
77.96896319958486 99.61
80.836389814264 95.09
79.91272118972194 94.12
81.0064407134744 92.68
83.70417212301841 90.44
85.14485437031567 88.66
86.3304342341482 87.68
85.20131686171452 87.08
85.93137680859641 85.31
85.6085356182168 84.82
90.36277191533476 77.95
91.30579630442561 77.02
91.56645144725076 76.02
92.58083035717351 75.97
93.43828248305432 74.85
92.96862887470373 74.85
93.06301319574833 74.64
93.06301319574833 74.64
93.89448906433267 74.29
95.42701518624044 73.57
95.42701518624044 73.57
95.88256035743929 73.35
95.88256035743929 73.35
95.88256035743929 73.35
96.05972157740429 73.13
97.18422619270271 72.2
97.18422619270271 72.2
98.80064141119132 71.01
99.416849081257 69.73
99.416849081257 69.73
100.54047739324787 68.34
100.54047739324787 68.34
102.17751414239025 66.52
101.1846851913572 64.57
103.15117473074925 62.88
104.53348846451777 60.6
102.56088517955702 59.34
102.33892289296456 59.18
102.33892289296456 59.18
103.42665128049573 56.79
103.42665128049573 56.79
103.42665128049573 56.79
102.9759288503041 53.88
100.01660656444096 53.56
100.13225279541209 52.53
102.0902242756169 50.97
103.16830040632233 50.87
103.36184098744943 50.23
105.32097789782183 48.95
105.32097789782183 48.95
105.32097789782183 48.95
105.32097789782183 48.95
105.27586751006416 48.95
105.27586751006416 48.95
105.2783523653579 48.92
105.72409472723514 48.05
106.91621730559442 46.61
106.91621730559442 46.61
106.91621730559442 46.61
106.91621730559442 46.61
106.11639115085238 45.89
106.10639115085237 45.89
108.27740016841113 45.48
108.27740016841113 45.48
108.27740016841113 45.48