28.776890026291095 172.49
36.97519813095867 156.84
40.58966084867806 150.38
42.21448665861126 144.97
42.8156267745275 142.06
43.75261748565727 139.28
44.00868960490516 138.12
44.466681856650666 137.11
44.398249722208185 136.61
45.00369856376102 135.25
45.47704876202455 134.61
45.241137682241956 133.25
45.275205262663754 133.08
45.40833974033501 132.77
45.64377458434073 131.82
45.79241298923004 129.78
46.7139967195563 127.1
47.48911936632201 126.57
48.46926553283204 125.56
48.619760027186494 123.17
48.95573491938945 122.62