28.776890026291095 172.49
36.97519813095867 156.84
40.58966084867806 150.38
42.21448665861126 144.97
42.8156267745275 142.06
43.75261748565727 139.28
44.00868960490516 138.12
44.466681856650666 137.11
44.398249722208185 136.61
45.00369856376102 135.25
45.47704876202455 134.61
45.241137682241956 133.25
45.275205262663754 133.08
45.40833974033501 132.77
45.64377458434073 131.82
45.79241298923004 129.78
46.7139967195563 127.1
47.48911936632201 126.57
48.46926553283204 125.56
48.619760027186494 123.17
48.95573491938945 122.62
50.50474035967111 117.19
58.55943923935778 109.8
62.59877712438812 101.0
62.69801383278989 99.37
64.70962098754224 96.6
67.13503134064653 91.86
71.82760643921804 85.26
74.38634694609524 79.97
73.86364984063617 79.15
74.65722332162449 77.75
75.59189021652116 76.16
78.54527614647341 72.01
81.13202218707214 70.01
80.84476178654675 69.41
81.48913321724423 68.69
82.5139768098054 67.89
82.24378726507882 65.48
80.03620319262632 63.03
80.3799124879109 61.58
81.70644568346984 60.06
82.70933721391224 58.66
82.68729974997724 58.63
82.73790560414388 58.33
82.99121461109685 58.03
82.82964371294452 55.82
82.76750479144407 55.34
83.81775808973548 54.89
83.97711634262855 54.74
83.97711634262855 54.74
83.97711634262855 54.74
84.4355067262632 53.82
85.79410676444229 52.51
85.79410676444229 52.51
85.96591793712724 51.96
85.51948619132656 51.85
85.3443720638739 50.33
85.35977266678444 50.19
85.35977266678444 50.19
84.75012323175149 50.02
84.9325376993847 49.68