28.776890026291095 172.49
36.97519813095867 156.84
40.58966084867806 150.38
42.21448665861126 144.97
42.8156267745275 142.06
43.75261748565727 139.28
44.00868960490516 138.12
44.466681856650666 137.11
44.398249722208185 136.61
45.00369856376102 135.25
45.47704876202455 134.61
45.241137682241956 133.25
45.275205262663754 133.08
45.40833974033501 132.77
45.64377458434073 131.82
45.79241298923004 129.78
46.7139967195563 127.1
47.48911936632201 126.57
48.46926553283204 125.56
48.619760027186494 123.17
48.95573491938945 122.62
50.50474035967111 117.19
58.55943923935778 109.8
62.59877712438812 101.0
62.69801383278989 99.37
64.70962098754224 96.6
67.13503134064653 91.86
71.82760643921804 85.26
74.38634694609524 79.97
73.86364984063617 79.15
74.65722332162449 77.75
75.59189021652116 76.16
78.54527614647341 72.01
81.13202218707214 70.01
80.84476178654675 69.41
81.48913321724423 68.69
82.5139768098054 67.89
82.24378726507882 65.48
80.03620319262632 63.03
80.3799124879109 61.58
81.70644568346984 60.06
82.70933721391224 58.66
82.68729974997724 58.63
82.73790560414388 58.33
82.99121461109685 58.03
82.82964371294452 55.82
82.76750479144407 55.34
83.81775808973548 54.89
83.97711634262855 54.74
83.97711634262855 54.74
83.97711634262855 54.74
84.4355067262632 53.82
85.79410676444229 52.51
85.79410676444229 52.51
85.96591793712724 51.96
85.51948619132656 51.85
85.3443720638739 50.33
85.35977266678444 50.19
85.35977266678444 50.19
84.75012323175149 50.02
84.9325376993847 49.68
85.28531075732703 48.37
85.28531075732703 48.37
85.59958410702127 47.02
85.59958410702127 47.02
85.59958410702127 47.02
86.83855113578275 45.88
86.83855113578275 45.88
86.83855113578275 45.88
86.83855113578275 45.88
86.2455292709997 44.85
86.2455292709997 44.85
86.2455292709997 44.85
86.2455292709997 44.85
86.91354431990239 44.57
87.41553011805058 44.55
87.41553011805058 44.55
87.41553011805058 44.55
87.41553011805058 44.55
87.41553011805058 44.55
88.1852692050805 44.27
88.72668416787292 43.86
88.61226989439248 43.72
88.00508879082557 42.86
88.32679696917609 42.53
88.42383377034542 42.51
88.42383377034542 42.51
88.42383377034542 42.51
88.42383377034542 42.51
88.42383377034542 42.51
88.50087017509631 42.16
88.50087017509631 42.16
88.50087017509631 42.16
88.50087017509631 42.16
88.50087017509631 42.16
86.5912804083219 42.11
85.60173552065348 41.8
86.05556140475133 41.7
86.05556140475133 41.7
86.03901009599386 41.31
85.99429564633604 40.81
85.99429564633604 40.81
85.99429564633604 40.81
86.18598828520399 40.75
86.18598828520399 40.75
86.18598828520399 40.75
86.2285467841282 40.7
86.47593312166525 40.69
86.47593312166525 40.69
86.47593312166525 40.69
86.47593312166525 40.69
86.47593312166525 40.69
86.47593312166525 40.69
86.47593312166525 40.69
86.34305264135854 40.65
86.92466510319075 40.6
86.78388836951152 40.38
86.87128293121711 40.16
86.80297180391598 39.64
86.80297180391598 39.64
84.86414591847608 39.1
84.24859862796228 38.92
82.87193745794569 37.55
82.87193745794569 37.55
82.87193745794569 37.55
82.87193745794569 37.55
82.87193745794569 37.55
82.87193745794569 37.55
82.87193745794569 37.55
83.00635803233833 37.22
83.00635803233833 37.22
83.00635803233833 37.22
83.00635803233833 37.22
83.00635803233833 37.22
83.00635803233833 37.22
83.28060963582688 37.01
83.28060963582688 37.01
83.28060963582688 37.01
83.28060963582688 37.01
83.28060963582688 37.01
83.28060963582688 37.01
83.28060963582688 37.01
83.28060963582688 37.01
83.28060963582688 37.01
83.28060963582688 37.01
83.28060963582688 37.01
83.28060963582688 37.01
83.28060963582688 37.01
83.28060963582688 37.01
83.28060963582688 37.01
83.28060963582688 37.01
83.28060963582688 37.01
83.28060963582688 37.01
84.92656116940363 36.1
86.6170473889883 36.05
86.6170473889883 36.05
86.6170473889883 36.05
86.6170473889883 36.05
86.6170473889883 36.05
86.6170473889883 36.05
86.6170473889883 36.05
86.6170473889883 36.05
87.90206849076235 35.75
87.90206849076235 35.75
87.90206849076235 35.75
87.90206849076235 35.75
88.09837901804227 35.62
88.09837901804227 35.62
88.09837901804227 35.62
88.09837901804227 35.62
88.09837901804227 35.62
88.09837901804227 35.62
88.09837901804227 35.62
88.09837901804227 35.62
88.09837901804227 35.62
88.09837901804227 35.62
88.09837901804227 35.62
88.09837901804227 35.62
88.09837901804227 35.62
88.60137204500461 34.84
88.60137204500461 34.84
87.63081398495628 34.68
87.63081398495628 34.68
87.63081398495628 34.68
87.11351902648656 34.39
85.86837633021818 34.12
87.4664877710498 33.89
87.4664877710498 33.89
87.4664877710498 33.89
87.4664877710498 33.89
87.4664877710498 33.89
87.4664877710498 33.89
87.4664877710498 33.89
87.4664877710498 33.89
87.4664877710498 33.89
87.4664877710498 33.89
87.46223901931651 33.84
86.85638227106381 33.69
86.85638227106381 33.69
85.28054342565297 33.39
85.28054342565297 33.39
85.28054342565297 33.39
85.28054342565297 33.39
85.28054342565297 33.39
84.2559826346271 33.1
84.2559826346271 33.1
84.2559826346271 33.1
84.2559826346271 33.1
84.2559826346271 33.1
84.2559826346271 33.1
84.2559826346271 33.1
83.62994815788048 32.87
83.62994815788048 32.87
83.62994815788048 32.87
83.62994815788048 32.87
83.70256236992932 32.41
83.70256236992932 32.41
83.70256236992932 32.41
83.70256236992932 32.41
83.70256236992932 32.41
83.90387095274697 32.38
83.90387095274697 32.38
83.90387095274697 32.38
83.90387095274697 32.38
83.90387095274697 32.38
83.8680915268747 31.57
83.8680915268747 31.57
83.8680915268747 31.57
83.8680915268747 31.57
85.36189518453385 30.86
85.36189518453385 30.86
85.36189518453385 30.86
85.36189518453385 30.86
85.36189518453385 30.86
85.36189518453385 30.86
85.36189518453385 30.86
85.36189518453385 30.86
85.12814592108819 30.84
85.12814592108819 30.84
85.12814592108819 30.84
85.12814592108819 30.84
85.12814592108819 30.84
85.12814592108819 30.84
85.12814592108819 30.84
85.12814592108819 30.84
85.12814592108819 30.84
85.72708193760539 30.66
85.72708193760539 30.66
85.72708193760539 30.66
86.06330738606063 30.48
86.06330738606063 30.48
86.06330738606063 30.48
86.06330738606063 30.48
86.06330738606063 30.48
86.06330738606063 30.48
86.06330738606063 30.48
86.06330738606063 30.48
86.06330738606063 30.48
85.09269258523537 30.28
85.09269258523537 30.28
85.09269258523537 30.28
85.09269258523537 30.28
85.09269258523537 30.28
85.09269258523537 30.28
85.09269258523537 30.28
85.09269258523537 30.28
85.09269258523537 30.28
85.09269258523537 30.28
85.09269258523537 30.28
85.09269258523537 30.28
85.09269258523537 30.28
85.09269258523537 30.28
85.09269258523537 30.28
85.09269258523537 30.28
85.09269258523537 30.28
85.09269258523537 30.28
85.09269258523537 30.28
85.09269258523537 30.28
84.59265100652455 30.18
84.12823944523034 30.08
84.12823944523034 30.08
84.12823944523034 30.08
83.61813074157536 29.93
83.61813074157536 29.93
83.61813074157536 29.93
83.61813074157536 29.93
83.61813074157536 29.93
83.61813074157536 29.93
83.61813074157536 29.93
84.15920730730785 29.43
84.15920730730785 29.43
83.57414833273312 29.39
83.57414833273312 29.39
83.57414833273312 29.39
82.9234307454664 28.91
82.9234307454664 28.91
82.9234307454664 28.91
82.9234307454664 28.91
82.9234307454664 28.91
83.25720887501274 28.82
83.25720887501274 28.82
83.25720887501274 28.82
83.25720887501274 28.82
82.8843949920904 28.57
82.8843949920904 28.57
82.8843949920904 28.57
82.8843949920904 28.57
82.8843949920904 28.57
83.62487384232121 27.97
83.62487384232121 27.97
83.62487384232121 27.97
83.62487384232121 27.97
83.62487384232121 27.97
83.62487384232121 27.97
83.62487384232121 27.97
83.62487384232121 27.97
83.62487384232121 27.97
83.62487384232121 27.97
83.62487384232121 27.97
82.2468968597391 27.94
82.2468968597391 27.94
82.2468968597391 27.94
82.2468968597391 27.94
82.2468968597391 27.94
82.37682859366804 27.39
82.37682859366804 27.39
82.37682859366804 27.39
82.37682859366804 27.39
82.37682859366804 27.39
82.37682859366804 27.39
82.37682859366804 27.39
82.37682859366804 27.39
82.37682859366804 27.39
82.37682859366804 27.39
82.37682859366804 27.39
82.37682859366804 27.39
82.37682859366804 27.39
82.37682859366804 27.39
82.37682859366804 27.39
82.37682859366804 27.39
82.37682859366804 27.39
82.37682859366804 27.39
82.37682859366804 27.39
81.05974893952707 27.29
81.05974893952707 27.29
81.05974893952707 27.29
81.05974893952707 27.29
81.05974893952707 27.29
81.05974893952707 27.29
81.05974893952707 27.29
82.53740970458142 26.63
82.34434651555888 26.45
81.07467302830548 25.35
81.07467302830548 25.35
81.07467302830548 25.35
81.07467302830548 25.35
81.07467302830548 25.35
81.07467302830548 25.35
81.07467302830548 25.35
81.07467302830548 25.35
81.07467302830548 25.35
81.07467302830548 25.35
81.07467302830548 25.35
81.07467302830548 25.35
81.07467302830548 25.35
80.30490398878796 25.08
80.30490398878796 25.08
80.30490398878796 25.08
80.30490398878796 25.08
80.30490398878796 25.08
80.30490398878796 25.08
80.30490398878796 25.08
80.30490398878796 25.08
79.50440961529294 24.66
79.50440961529294 24.66
79.50440961529294 24.66
79.50440961529294 24.66
79.50440961529294 24.66
79.50440961529294 24.66
79.50440961529294 24.66
79.50440961529294 24.66
79.50440961529294 24.66
79.50440961529294 24.66
79.50440961529294 24.66
79.50440961529294 24.66
79.50440961529294 24.66
79.50440961529294 24.66
79.50440961529294 24.66
79.50440961529294 24.66
79.50440961529294 24.66
78.99832777961123 24.38
78.99832777961123 24.38
78.99832777961123 24.38
78.99832777961123 24.38
80.65548688436138 24.15
80.65548688436138 24.15
80.65548688436138 24.15
80.65548688436138 24.15
80.65548688436138 24.15
80.65548688436138 24.15
80.65548688436138 24.15
80.65548688436138 24.15
80.65548688436138 24.15
80.19494854247888 24.09
80.19494854247888 24.09
80.19494854247888 24.09
79.60175637797208 23.65
79.60175637797208 23.65
79.60175637797208 23.65
79.60175637797208 23.65
79.33178236622327 23.64
79.33178236622327 23.64
79.48090768065968 23.47
79.48090768065968 23.47
79.48090768065968 23.47
79.48090768065968 23.47
79.48090768065968 23.47
79.48090768065968 23.47
80.59255669465944 23.44
80.59255669465944 23.44
80.70206906143117 23.28
80.70206906143117 23.28
80.70206906143117 23.28
80.70206906143117 23.28
80.70206906143117 23.28
80.70206906143117 23.28
80.19992687064297 23.22
80.19992687064297 23.22
80.19992687064297 23.22
80.19992687064297 23.22
80.19992687064297 23.22
80.19992687064297 23.22
80.19992687064297 23.22
80.19992687064297 23.22
80.19992687064297 23.22
80.19992687064297 23.22
80.19992687064297 23.22
80.19992687064297 23.22
80.19992687064297 23.22
80.19992687064297 23.22
80.19992687064297 23.22
80.19992687064297 23.22
80.19992687064297 23.22
80.19992687064297 23.22
80.19992687064297 23.22
80.19992687064297 23.22
79.2815735363555 23.09
79.2815735363555 23.09
79.2815735363555 23.09
78.53852779368879 23.0
78.53852779368879 23.0
78.53852779368879 23.0
78.53852779368879 23.0
78.53852779368879 23.0
78.53852779368879 23.0
78.53852779368879 23.0
78.07312090256694 22.86
78.07312090256694 22.86
78.07312090256694 22.86
78.07312090256694 22.86
78.07312090256694 22.86
78.07312090256694 22.86
78.07312090256694 22.86
78.07312090256694 22.86
78.07312090256694 22.86
78.07312090256694 22.86
78.07312090256694 22.86
78.07312090256694 22.86
78.07312090256694 22.86
78.07312090256694 22.86
78.07312090256694 22.86
78.07312090256694 22.86
78.07312090256694 22.86
78.07312090256694 22.86
78.07312090256694 22.86
78.07312090256694 22.86
78.07312090256694 22.86
78.07312090256694 22.86
78.07312090256694 22.86
78.07312090256694 22.86
78.07312090256694 22.86
78.07312090256694 22.86
78.07312090256694 22.86
78.07312090256694 22.86
78.07312090256694 22.86
78.07312090256694 22.86
77.74513974630587 22.8
77.74513974630587 22.8
77.74513974630587 22.8
77.74513974630587 22.8
77.74513974630587 22.8
77.74513974630587 22.8
77.74513974630587 22.8
77.74513974630587 22.8
77.74513974630587 22.8
77.74513974630587 22.8
77.74513974630587 22.8
77.74513974630587 22.8
77.74513974630587 22.8
77.74513974630587 22.8